time V1 V2 I
0 0.99005 4.975e-05 0.00995
0.01 0.9802 0.0001985 0.0198
0.02 0.97045 0.00044525 0.02955
0.03 0.9608 0.000789001 0.0392001
0.04 0.95125 0.00122875 0.0487503
0.05 0.941799 0.00176351 0.0582006
0.06 0.932449 0.00239227 0.067551
0.07 0.923198 0.00311403 0.0768017
0.08 0.914047 0.0039278 0.0859527
0.09 0.904996 0.00483259 0.0950042
0.1 0.896044 0.00582739 0.103956
0.11 0.887191 0.00691121 0.112809
0.12 0.878438 0.00808306 0.121562
0.13 0.869784 0.00934195 0.130216
0.14 0.861229 0.0106869 0.138771
0.15 0.852773 0.0121169 0.147227
0.16 0.844416 0.0136309 0.155584
0.17 0.836158 0.0152281 0.163842
0.18 0.827997 0.0169073 0.172003
0.19 0.819936 0.0186676 0.180064
0.2 0.811972 0.0205081 0.188028
0.21 0.804106 0.0224277 0.195894
0.22 0.796338 0.0244255 0.203662
0.23 0.788668 0.0265004 0.211332
0.24 0.781095 0.0286516 0.218905
0.25 0.773619 0.030878 0.226381
0.26 0.76624 0.0331787 0.23376
0.27 0.758958 0.0355528 0.241042
0.28 0.751772 0.0379991 0.248228
0.29 0.744682 0.0405168 0.255318
0.3 0.737688 0.043105 0.262312
0.31 0.73079 0.0457626 0.26921
0.32 0.723988 0.0484887 0.276012
0.33 0.71728 0.0512824 0.28272
0.34 0.710668 0.0541426 0.289332
0.35 0.70415 0.0570685 0.29585
0.36 0.697726 0.0600592 0.302274
0.37 0.691396 0.0631136 0.308604
0.38 0.68516 0.0662308 0.31484
0.39 0.679017 0.0694099 0.320983
0.4 0.672968 0.07265 0.327032
0.41 0.667011 0.0759501 0.332989
0.42 0.661146 0.0793093 0.338854
0.43 0.655374 0.0827267 0.344626
0.44 0.649693 0.0862014 0.350307
0.45 0.644104 0.0897324 0.355896
0.46 0.638606 0.0933188 0.361394
0.47 0.633198 0.0969598 0.366802
0.48 0.627881 0.100654 0.372119
0.49 0.622653 0.104402 0.377347
0.5 0.617515 0.108201 0.382485
0.51 0.612467 0.112051 0.387533
0.52 0.607507 0.115951 0.392493
0.53 0.602635 0.1199 0.397365
0.54 0.597852 0.123898 0.402148
0.55 0.593156 0.127943 0.406844
0.56 0.588548 0.132034 0.411452
0.57 0.584026 0.136172 0.415974
0.58 0.57959 0.140353 0.42041
0.59 0.575241 0.144579 0.424759
0.6 0.570977 0.148848 0.429023
0.61 0.566798 0.153159 0.433202
0.62 0.562704 0.157512 0.437296
0.63 0.558694 0.161905 0.441306
0.64 0.554768 0.166338 0.445232
0.65 0.550925 0.170809 0.449075
0.66 0.547165 0.175319 0.452835
0.67 0.543488 0.179865 0.456512
0.68 0.539893 0.184448 0.460107
0.69 0.536379 0.189067 0.463621
0.7 0.532946 0.19372 0.467054
0.71 0.529594 0.198408 0.470406
0.72 0.526322 0.203128 0.473678
0.73 0.52313 0.207881 0.47687
0.74 0.520017 0.212665 0.479983
0.75 0.516983 0.21748 0.483017
0.76 0.514027 0.222325 0.485973
0.77 0.511148 0.227199 0.488852
0.78 0.508347 0.232102 0.491653
0.79 0.505623 0.237032 0.494377
0.8 0.502975 0.241989 0.497025
0.81 0.500403 0.246972 0.499597
0.82 0.497906 0.251981 0.502094
0.83 0.495484 0.257014 0.504516
0.84 0.493137 0.26207 0.506863
0.85 0.490863 0.26715 0.509137
0.86 0.488662 0.272253 0.511338
0.87 0.486534 0.277377 0.513466
0.88 0.484479 0.282522 0.515521
0.89 0.482495 0.287687 0.517505
0.9 0.480582 0.292872 0.519418
0.91 0.478741 0.298075 0.521259
0.92 0.476969 0.303296 0.523031
0.93 0.475267 0.308535 0.524733
0.94 0.473634 0.313791 0.526366
0.95 0.47207 0.319062 0.52793
0.96 0.470574 0.324349 0.529426
0.97 0.469145 0.32965 0.530855
0.98 0.467783 0.334966 0.532217
0.99 0.466488 0.340294 0.533512
1 0.465259 0.345636 0.534741
1.01 0.464096 0.350989 0.535904
1.02 0.462997 0.356353 0.537003
1.03 0.461962 0.361729 0.538038
1.04 0.460992 0.367114 0.539008
1.05 0.460085 0.372508 0.539915
1.06 0.45924 0.377912 0.54076
1.07 0.458458 0.383323 0.541542
1.08 0.457737 0.388742 0.542263
1.09 0.457078 0.394168 0.542922
1.1 0.456479 0.3996 0.543521
1.11 0.45594 0.405038 0.54406
1.12 0.45546 0.410481 0.54454
1.13 0.45504 0.415929 0.54496
1.14 0.454678 0.42138 0.545322
1.15 0.454374 0.426835 0.545626
1.16 0.454127 0.432293 0.545873
1.17 0.453937 0.437752 0.546063
1.18 0.453803 0.443214 0.546197
1.19 0.453725 0.448676 0.546275
1.2 0.453702 0.454139 0.546298
1.21 0.453733 0.459602 0.546267
1.22 0.453819 0.465064 0.546181
1.23 0.453958 0.470525 0.546042
1.24 0.45415 0.475984 0.54585
1.25 0.454394 0.481442 0.545606
1.26 0.45469 0.486896 0.54531
1.27 0.455038 0.492348 0.544962
1.28 0.455436 0.497795 0.544564
1.29 0.455885 0.503239 0.544115
1.3 0.456383 0.508677 0.543617
1.31 0.456931 0.514111 0.543069
1.32 0.457527 0.519538 0.542473
1.33 0.458171 0.52496 0.541829
1.34 0.458862 0.530375 0.541138
1.35 0.459601 0.535782 0.540399
1.36 0.460385 0.541183 0.539615
1.37 0.461216 0.546575 0.538784
1.38 0.462092 0.551958 0.537908
1.39 0.463013 0.557332 0.536987
1.4 0.463978 0.562698 0.536022
1.41 0.464987 0.568053 0.535013
1.42 0.466039 0.573398 0.533961
1.43 0.467134 0.578732 0.532866
1.44 0.468271 0.584055 0.531729
1.45 0.46945 0.589366 0.53055
1.46 0.470669 0.594665 0.529331
1.47 0.471929 0.599952 0.528071
1.48 0.473229 0.605227 0.526771
1.49 0.474569 0.610488 0.525431
1.5 0.475948 0.615735 0.524052
1.51 0.477364 0.620969 0.522636
1.52 0.478819 0.626188 0.521181
1.53 0.480312 0.631392 0.519688
1.54 0.481841 0.636581 0.518159
1.55 0.483406 0.641755 0.516594
1.56 0.485007 0.646913 0.514993
1.57 0.486644 0.652055 0.513356
1.58 0.488315 0.65718 0.511685
1.59 0.490021 0.662288 0.509979
1.6 0.49176 0.667379 0.50824
1.61 0.493533 0.672453 0.506467
1.62 0.495339 0.677508 0.504661
1.63 0.497176 0.682546 0.502824
1.64 0.499046 0.687565 0.500954
1.65 0.500946 0.692565 0.499054
1.66 0.502878 0.697546 0.497122
1.67 0.50484 0.702507 0.49516
1.68 0.506831 0.707449 0.493169
1.69 0.508852 0.71237 0.491148
1.7 0.510901 0.717272 0.489099
1.71 0.512979 0.722152 0.487021
1.72 0.515084 0.727012 0.484916
1.73 0.517217 0.73185 0.482783
1.74 0.519377 0.736667 0.480623
1.75 0.521563 0.741463 0.478437
1.76 0.523774 0.746236 0.476226
1.77 0.526012 0.750987 0.473988
1.78 0.528274 0.755716 0.471726
1.79 0.53056 0.760421 0.46944
1.8 0.532871 0.765104 0.467129
1.81 0.535205 0.769764 0.464795
1.82 0.537562 0.7744 0.462438
1.83 0.539941 0.779013 0.460059
1.84 0.542343 0.783601 0.457657
1.85 0.544766 0.788166 0.455234
1.86 0.547211 0.792706 0.452789
1.87 0.549676 0.797221 0.450324
1.88 0.552161 0.801712 0.447839
1.89 0.554667 0.806178 0.445333
1.9 0.557191 0.810619 0.442809
1.91 0.559735 0.815034 0.440265
1.92 0.562297 0.819424 0.437703
1.93 0.564877 0.823788 0.435123
1.94 0.567475 0.828126 0.432525
1.95 0.57009 0.832438 0.42991
1.96 0.572722 0.836724 0.427278
1.97 0.57537 0.840984 0.42463
1.98 0.578034 0.845217 0.421966
1.99 0.580713 0.849423 0.419287
2 0.583408 0.853603 0.416592
2.01 0.586117 0.857755 0.413883
2.02 0.58884 0.86188 0.41116
2.03 0.591578 0.865978 0.408422
2.04 0.594328 0.870048 0.405672
2.05 0.597092 0.874091 0.402908
2.06 0.599868 0.878107 0.400132
2.07 0.602656 0.882094 0.397344
2.08 0.605457 0.886053 0.394543
2.09 0.608268 0.889985 0.391732
2.1 0.611091 0.893888 0.388909
2.11 0.613924 0.897763 0.386076
2.12 0.616767 0.901609 0.383233
2.13 0.619621 0.905428 0.380379
2.14 0.622483 0.909217 0.377517
2.15 0.625355 0.912978 0.374645
2.16 0.628236 0.91671 0.371764
2.17 0.631124 0.920413 0.368876
2.18 0.634021 0.924087 0.365979
2.19 0.636925 0.927733 0.363075
2.2 0.639837 0.931349 0.360163
2.21 0.642756 0.934936 0.357244
2.22 0.645681 0.938494 0.354319
2.23 0.648612 0.942022 0.351388
2.24 0.651549 0.945521 0.348451
2.25 0.654491 0.948991 0.345509
2.26 0.657438 0.952432 0.342562
2.27 0.660391 0.955842 0.339609
2.28 0.663347 0.959224 0.336653
2.29 0.666308 0.962575 0.333692
2.3 0.669272 0.965898 0.330728
2.31 0.67224 0.96919 0.32776
2.32 0.675211 0.972453 0.324789
2.33 0.678185 0.975686 0.321815
2.34 0.681161 0.978889 0.318839
2.35 0.684139 0.982062 0.315861
2.36 0.687119 0.985206 0.312881
2.37 0.690101 0.98832 0.309899
2.38 0.693084 0.991404 0.306916
2.39 0.696067 0.994458 0.303933
2.4 0.699051 0.997483 0.300949
2.41 0.702036 1.00048 0.297964
2.42 0.70502 1.00344 0.29498
2.43 0.708004 1.00638 0.291996
2.44 0.710987 1.00928 0.289013
2.45 0.71397 1.01216 0.28603
2.46 0.716951 1.015 0.283049
2.47 0.719931 1.01782 0.280069
2.48 0.722909 1.0206 0.277091
2.49 0.725884 1.02336 0.274116
2.5 0.728858 1.02609 0.271142
2.51 0.731829 1.02878 0.268171
2.52 0.734797 1.03145 0.265203
2.53 0.737762 1.03409 0.262238
2.54 0.740723 1.03669 0.259277
2.55 0.743681 1.03927 0.256319
2.56 0.746635 1.04182 0.253365
2.57 0.749585 1.04434 0.250415
2.58 0.75253 1.04683 0.24747
2.59 0.755471 1.04929 0.244529
2.6 0.758406 1.05172 0.241594
2.61 0.761337 1.05412 0.238663
2.62 0.764262 1.05649 0.235738
2.63 0.767181 1.05884 0.232819
2.64 0.770095 1.06115 0.229905
2.65 0.773002 1.06343 0.226998
2.66 0.775903 1.06569 0.224097
2.67 0.778798 1.06792 0.221202
2.68 0.781686 1.07011 0.218314
2.69 0.784566 1.07228 0.215434
2.7 0.78744 1.07442 0.21256
2.71 0.790306 1.07653 0.209694
2.72 0.793164 1.07862 0.206836
2.73 0.796015 1.08067 0.203985
2.74 0.798857 1.0827 0.201143
2.75 0.801691 1.08469 0.198309
2.76 0.804517 1.08666 0.195483
2.77 0.807334 1.0886 0.192666
2.78 0.810142 1.09052 0.189858
2.79 0.812942 1.0924 0.187058
2.8 0.815731 1.09426 0.184269
2.81 0.818512 1.09609 0.181488
2.82 0.821283 1.09789 0.178717
2.83 0.824044 1.09966 0.175956
2.84 0.826795 1.10141 0.173205
2.85 0.829536 1.10312 0.170464
2.86 0.832267 1.10482 0.167733
2.87 0.834987 1.10648 0.165013
2.88 0.837697 1.10812 0.162303
2.89 0.840395 1.10973 0.159605
2.9 0.843083 1.11131 0.156917
2.91 0.84576 1.11286 0.15424
2.92 0.848425 1.11439 0.151575
2.93 0.851079 1.11589 0.148921
2.94 0.853721 1.11737 0.146279
2.95 0.856352 1.11882 0.143648
2.96 0.858971 1.12024 0.141029
2.97 0.861577 1.12164 0.138423
2.98 0.864172 1.12301 0.135828
2.99 0.866754 1.12436 0.133246
3 0.869324 1.12568 0.130676
3.01 0.871881 1.12697 0.128119
3.02 0.874426 1.12824 0.125574
3.03 0.876957 1.12948 0.123043
3.04 0.879476 1.1307 0.120524
3.05 0.881982 1.13189 0.118018
3.06 0.884474 1.13306 0.115526
3.07 0.886953 1.1342 0.113047
3.08 0.889419 1.13532 0.110581
3.09 0.891871 1.13642 0.108129
3.1 0.89431 1.13748 0.10569
3.11 0.896735 1.13853 0.103265
3.12 0.899146 1.13955 0.100854
3.13 0.901543 1.14055 0.0984571
3.14 0.903926 1.14152 0.0960741
3.15 0.906295 1.14247 0.0937053
3.16 0.908649 1.14339 0.0913507
3.17 0.91099 1.1443 0.0890105
3.18 0.913315 1.14517 0.0866846
3.19 0.915627 1.14603 0.0843733
3.2 0.917923 1.14686 0.0820766
3.21 0.920205 1.14767 0.0797946
3.22 0.922473 1.14846 0.0775274
3.23 0.924725 1.14922 0.075275
3.24 0.926963 1.14996 0.0730375
3.25 0.929185 1.15068 0.070815
3.26 0.931392 1.15138 0.0686076
3.27 0.933585 1.15205 0.0664153
3.28 0.935762 1.15271 0.0642382
3.29 0.937924 1.15334 0.0620764
3.3 0.94007 1.15395 0.0599299
3.31 0.942201 1.15454 0.0577988
3.32 0.944317 1.15511 0.0556832
3.33 0.946417 1.15565 0.0535831
3.34 0.948501 1.15618 0.0514985
3.35 0.95057 1.15668 0.0494296
3.36 0.952624 1.15717 0.0473763
3.37 0.954661 1.15763 0.0453388
3.38 0.956683 1.15807 0.043317
3.39 0.958689 1.1585 0.041311
3.4 0.960679 1.1589 0.0393209
3.41 0.962653 1.15928 0.0373466
3.42 0.964612 1.15965 0.0353883
3.43 0.966554 1.15999 0.033446
3.44 0.96848 1.16032 0.0315196
3.45 0.970391 1.16062 0.0296093
3.46 0.972285 1.16091 0.027715
3.47 0.974163 1.16118 0.0258368
3.48 0.976025 1.16142 0.0239748
3.49 0.977871 1.16165 0.0221289
3.5 0.979701 1.16187 0.0202991
3.51 0.981514 1.16206 0.0184856
3.52 0.983312 1.16224 0.0166882
3.53 0.985093 1.16239 0.0149071
3.54 0.986858 1.16253 0.0131422
3.55 0.988606 1.16266 0.0113936
3.56 0.990339 1.16276 0.00966118
3.57 0.992055 1.16285 0.00794508
3.58 0.993755 1.16292 0.00624526
3.59 0.995438 1.16298 0.00456174
3.6 0.997105 1.16301 0.00289452
3.61 0.998756 1.16303 0.00124359
3.62 1.00039 1.16304 -0.00039103
3.63 1.00201 1.16303 -0.00200935
3.64 1.00361 1.163 -0.00361136
3.65 1.0052 1.16295 -0.00519708
3.66 1.00677 1.16289 -0.0067665
3.67 1.00832 1.16282 -0.00831963
3.68 1.00986 1.16273 -0.00985648
3.69 1.01138 1.16262 -0.0113771
3.7 1.01288 1.1625 -0.0128814
3.71 1.01437 1.16236 -0.0143694
3.72 1.01584 1.16221 -0.0158413
3.73 1.0173 1.16205 -0.0172969
3.74 1.01874 1.16187 -0.0187363
3.75 1.02016 1.16167 -0.0201595
3.76 1.02157 1.16146 -0.0215666
3.77 1.02296 1.16124 -0.0229575
3.78 1.02433 1.161 -0.0243323
3.79 1.02569 1.16075 -0.0256909
3.8 1.02703 1.16049 -0.0270335
3.81 1.02836 1.16021 -0.0283601
3.82 1.02967 1.15992 -0.0296706
3.83 1.03097 1.15962 -0.0309652
3.84 1.03224 1.1593 -0.0322438
3.85 1.03351 1.15898 -0.0335064
3.86 1.03475 1.15863 -0.0347532
3.87 1.03598 1.15828 -0.0359841
3.88 1.0372 1.15792 -0.0371991
3.89 1.0384 1.15754 -0.0383984
3.9 1.03958 1.15715 -0.0395819
3.91 1.04075 1.15675 -0.0407497
3.92 1.0419 1.15633 -0.0419019
3.93 1.04304 1.15591 -0.0430384
3.94 1.04416 1.15547 -0.0441593
3.95 1.04526 1.15502 -0.0452646
3.96 1.04635 1.15457 -0.0463545
3.97 1.04743 1.1541 -0.0474289
3.98 1.04849 1.15362 -0.0484879
3.99 1.04953 1.15313 -0.0495315
4 1.05056 1.15263 -0.0505599
4.01 1.05157 1.15212 -0.0515729
4.02 1.05257 1.1516 -0.0525708
4.03 1.05355 1.15107 -0.0535534
4.04 1.05452 1.15053 -0.054521
4.05 1.05547 1.14998 -0.0554735
4.06 1.05641 1.14942 -0.0564111
4.07 1.05733 1.14885 -0.0573337
4.08 1.05824 1.14827 -0.0582414
4.09 1.05913 1.14768 -0.0591342
4.1 1.06001 1.14709 -0.0600124
4.11 1.06088 1.14648 -0.0608758
4.12 1.06172 1.14587 -0.0617245
4.13 1.06256 1.14525 -0.0625587
4.14 1.06338 1.14462 -0.0633783
4.15 1.06418 1.14398 -0.0641835
4.16 1.06497 1.14333 -0.0649743
4.17 1.06575 1.14268 -0.0657507
4.18 1.06651 1.14202 -0.0665129
4.19 1.06726 1.14135 -0.0672609
4.2 1.06799 1.14067 -0.0679947
4.21 1.06871 1.13999 -0.0687145
4.22 1.06942 1.1393 -0.0694203
4.23 1.07011 1.1386 -0.0701121
4.24 1.07079 1.1379 -0.0707901
4.25 1.07145 1.13719 -0.0714543
4.26 1.0721 1.13647 -0.0721048
4.27 1.07274 1.13574 -0.0727417
4.28 1.07336 1.13501 -0.0733649
4.29 1.07397 1.13428 -0.0739747
4.3 1.07457 1.13353 -0.074571
4.31 1.07515 1.13279 -0.075154
4.32 1.07572 1.13203 -0.0757237
4.33 1.07628 1.13127 -0.0762802
4.34 1.07682 1.13051 -0.0768235
4.35 1.07735 1.12974 -0.0773539
4.36 1.07787 1.12896 -0.0778712
4.37 1.07838 1.12818 -0.0783757
4.38 1.07887 1.12739 -0.0788673
4.39 1.07935 1.1266 -0.0793462
4.4 1.07981 1.1258 -0.0798124
4.41 1.08027 1.125 -0.0802661
4.42 1.08071 1.1242 -0.0807072
4.43 1.08114 1.12339 -0.081136
4.44 1.08155 1.12258 -0.0815524
4.45 1.08196 1.12176 -0.0819565
4.46 1.08235 1.12094 -0.0823484
4.47 1.08273 1.12011 -0.0827283
4.48 1.0831 1.11928 -0.0830962
4.49 1.08345 1.11845 -0.0834521
4.5 1.0838 1.11761 -0.0837962
4.51 1.08413 1.11677 -0.0841285
4.52 1.08445 1.11593 -0.0844491
4.53 1.08476 1.11509 -0.0847582
4.54 1.08506 1.11424 -0.0850557
4.55 1.08534 1.11338 -0.0853419
4.56 1.08562 1.11253 -0.0856166
4.57 1.08588 1.11167 -0.0858802
4.58 1.08613 1.11081 -0.0861325
4.59 1.08637 1.10995 -0.0863738
4.6 1.0866 1.10908 -0.0866041
4.61 1.08682 1.10822 -0.0868235
4.62 1.08703 1.10735 -0.087032
4.63 1.08723 1.10648 -0.0872298
4.64 1.08742 1.1056 -0.087417
4.65 1.08759 1.10473 -0.0875936
4.66 1.08776 1.10385 -0.0877598
4.67 1.08792 1.10297 -0.0879155
4.68 1.08806 1.10209 -0.088061
4.69 1.0882 1.10121 -0.0881962
4.7 1.08832 1.10033 -0.0883213
4.71 1.08844 1.09945 -0.0884364
4.72 1.08854 1.09856 -0.0885416
4.73 1.08864 1.09768 -0.0886369
4.74 1.08872 1.09679 -0.0887224
4.75 1.0888 1.0959 -0.0887982
4.76 1.08886 1.09501 -0.0888645
4.77 1.08892 1.09412 -0.0889212
4.78 1.08897 1.09323 -0.0889686
4.79 1.08901 1.09234 -0.0890066
4.8 1.08904 1.09145 -0.0890354
4.81 1.08906 1.09056 -0.089055
4.82 1.08907 1.08967 -0.0890656
4.83 1.08907 1.08878 -0.0890672
4.84 1.08906 1.08789 -0.08906
4.85 1.08904 1.087 -0.0890439
4.86 1.08902 1.08611 -0.0890191
4.87 1.08899 1.08522 -0.0889858
4.88 1.08894 1.08433 -0.0889439
4.89 1.08889 1.08344 -0.0888936
4.9 1.08883 1.08255 -0.0888349
4.91 1.08877 1.08167 -0.088768
4.92 1.08869 1.08078 -0.0886929
4.93 1.08861 1.07989 -0.0886097
4.94 1.08852 1.07901 -0.0885186
4.95 1.08842 1.07812 -0.0884195
4.96 1.08831 1.07724 -0.0883127
4.97 1.0882 1.07636 -0.0881981
4.98 1.08808 1.07547 -0.0880759
4.99 1.08795 1.07459 -0.0879461
5 1.08781 1.07371 -0.0878089
5.01 1.08766 1.07284 -0.0876642
5.02 1.08751 1.07196 -0.0875124
5.03 1.08735 1.07109 -0.0873533
5.04 1.08719 1.07021 -0.0871871
5.05 1.08701 1.06934 -0.0870139
5.06 1.08683 1.06847 -0.0868337
5.07 1.08665 1.06761 -0.0866467
5.08 1.08645 1.06674 -0.086453
5.09 1.08625 1.06588 -0.0862525
5.1 1.08605 1.06502 -0.0860455
5.11 1.08583 1.06416 -0.085832
5.12 1.08561 1.0633 -0.0856121
5.13 1.08539 1.06244 -0.0853858
5.14 1.08515 1.06159 -0.0851533
5.15 1.08491 1.06074 -0.0849146
5.16 1.08467 1.05989 -0.0846699
5.17 1.08442 1.05905 -0.0844191
5.18 1.08416 1.05821 -0.0841625
5.19 1.0839 1.05737 -0.0839
5.2 1.08363 1.05653 -0.0836319
5.21 1.08336 1.05569 -0.083358
5.22 1.08308 1.05486 -0.0830786
5.23 1.08279 1.05403 -0.0827937
5.24 1.0825 1.0532 -0.0825034
5.25 1.08221 1.05238 -0.0822078
5.26 1.08191 1.05156 -0.0819069
5.27 1.0816 1.05074 -0.0816009
5.28 1.08129 1.04993 -0.0812898
5.29 1.08097 1.04912 -0.0809737
5.3 1.08065 1.04831 -0.0806527
5.31 1.08033 1.0475 -0.0803268
5.32 1.08 1.0467 -0.0799963
5.33 1.07966 1.0459 -0.079661
5.34 1.07932 1.04511 -0.0793212
5.35 1.07898 1.04432 -0.0789768
5.36 1.07863 1.04353 -0.078628
5.37 1.07827 1.04275 -0.0782749
5.38 1.07792 1.04196 -0.0779175
5.39 1.07756 1.04119 -0.0775559
5.4 1.07719 1.04041 -0.0771901
5.41 1.07682 1.03964 -0.0768204
5.42 1.07645 1.03888 -0.0764466
5.43 1.07607 1.03811 -0.076069
5.44 1.07569 1.03736 -0.0756876
5.45 1.0753 1.0366 -0.0753024
5.46 1.07491 1.03585 -0.0749136
5.47 1.07452 1.0351 -0.0745212
5.48 1.07413 1.03436 -0.0741252
5.49 1.07373 1.03362 -0.0737259
5.5 1.07332 1.03288 -0.0733231
5.51 1.07292 1.03215 -0.0729171
5.52 1.07251 1.03143 -0.0725079
5.53 1.0721 1.0307 -0.0720955
5.54 1.07168 1.02998 -0.0716801
5.55 1.07126 1.02927 -0.0712617
5.56 1.07084 1.02856 -0.0708403
5.57 1.07042 1.02785 -0.0704161
5.58 1.06999 1.02715 -0.0699891
5.59 1.06956 1.02645 -0.0695593
5.6 1.06913 1.02576 -0.069127
5.61 1.06869 1.02507 -0.068692
5.62 1.06825 1.02439 -0.0682546
5.63 1.06781 1.02371 -0.0678147
5.64 1.06737 1.02303 -0.0673724
5.65 1.06693 1.02236 -0.0669279
5.66 1.06648 1.02169 -0.0664811
5.67 1.06603 1.02103 -0.0660321
5.68 1.06558 1.02037 -0.065581
5.69 1.06513 1.01972 -0.0651279
5.7 1.06467 1.01907 -0.0646728
5.71 1.06422 1.01842 -0.0642158
5.72 1.06376 1.01778 -0.063757
5.73 1.0633 1.01715 -0.0632964
5.74 1.06283 1.01652 -0.0628341
5.75 1.06237 1.01589 -0.0623701
5.76 1.0619 1.01527 -0.0619045
5.77 1.06144 1.01465 -0.0614375
5.78 1.06097 1.01404 -0.0609689
5.79 1.0605 1.01343 -0.0604989
5.8 1.06003 1.01283 -0.0600276
5.81 1.05956 1.01223 -0.059555
5.82 1.05908 1.01164 -0.0590812
5.83 1.05861 1.01105 -0.0586063
5.84 1.05813 1.01047 -0.0581302
5.85 1.05765 1.00989 -0.057653
5.86 1.05717 1.00932 -0.0571749
5.87 1.0567 1.00875 -0.0566959
5.88 1.05622 1.00818 -0.056216
5.89 1.05574 1.00762 -0.0557352
5.9 1.05525 1.00707 -0.0552537
5.91 1.05477 1.00652 -0.0547715
5.92 1.05429 1.00597 -0.0542886
5.93 1.05381 1.00543 -0.0538052
5.94 1.05332 1.0049 -0.0533212
5.95 1.05284 1.00436 -0.0528367
5.96 1.05235 1.00384 -0.0523517
5.97 1.05187 1.00332 -0.0518664
5.98 1.05138 1.0028 -0.0513808
5.99 1.05089 1.00229 -0.0508949
6 1.05041 1.00178 -0.0504087
6.01 1.04992 1.00128 -0.0499224
6.02 1.04944 1.00078 -0.0494359
6.03 1.04895 1.00029 -0.0489494
6.04 1.04846 0.999806 -0.0484628
6.05 1.04798 0.999323 -0.0479763
6.06 1.04749 0.998846 -0.0474898
6.07 1.047 0.998374 -0.0470034
6.08 1.04652 0.997906 -0.0465172
6.09 1.04603 0.997443 -0.0460312
6.1 1.04555 0.996985 -0.0455455
6.11 1.04506 0.996532 -0.04506
6.12 1.04457 0.996084 -0.0445749
6.13 1.04409 0.995641 -0.0440902
6.14 1.04361 0.995202 -0.043606
6.15 1.04312 0.994769 -0.0431222
6.16 1.04264 0.99434 -0.0426389
6.17 1.04216 0.993916 -0.0421562
6.18 1.04167 0.993497 -0.0416741
6.19 1.04119 0.993083 -0.0411927
6.2 1.04071 0.992673 -0.040712
6.21 1.04023 0.992268 -0.0402319
6.22 1.03975 0.991868 -0.0397527
6.23 1.03927 0.991473 -0.0392743
6.24 1.0388 0.991083 -0.0387967
6.25 1.03832 0.990697 -0.03832
6.26 1.03784 0.990316 -0.0378443
6.27 1.03737 0.98994 -0.0373695
6.28 1.0369 0.989569 -0.0368957
6.29 1.03642 0.989202 -0.036423
6.3 1.03595 0.988841 -0.0359513
6.31 1.03548 0.988483 -0.0354808
6.32 1.03501 0.988131 -0.0350114
6.33 1.03454 0.987783 -0.0345432
6.34 1.03408 0.98744 -0.0340762
6.35 1.03361 0.987102 -0.0336105
6.36 1.03315 0.986768 -0.033146
6.37 1.03268 0.986439 -0.0326829
6.38 1.03222 0.986114 -0.0322212
6.39 1.03176 0.985794 -0.0317608
6.4 1.0313 0.985479 -0.0313019
6.41 1.03084 0.985168 -0.0308444
6.42 1.03039 0.984862 -0.0303884
6.43 1.02993 0.98456 -0.0299339
6.44 1.02948 0.984263 -0.0294809
6.45 1.02903 0.983971 -0.0290295
6.46 1.02858 0.983683 -0.0285797
6.47 1.02813 0.983399 -0.0281316
6.48 1.02769 0.98312 -0.0276851
6.49 1.02724 0.982846 -0.0272403
6.5 1.0268 0.982575 -0.0267972
6.51 1.02636 0.98231 -0.0263559
6.52 1.02592 0.982048 -0.0259163
6.53 1.02548 0.981791 -0.0254785
6.54 1.02504 0.981539 -0.0250426
6.55 1.02461 0.98129 -0.0246085
6.56 1.02418 0.981046 -0.0241762
6.57 1.02375 0.980807 -0.0237459
6.58 1.02332 0.980572 -0.0233175
6.59 1.02289 0.980341 -0.022891
6.6 1.02247 0.980114 -0.0224665
6.61 1.02204 0.979891 -0.0220439
6.62 1.02162 0.979673 -0.0216234
6.63 1.0212 0.979459 -0.0212049
6.64 1.02079 0.979249 -0.0207885
6.65 1.02037 0.979043 -0.0203742
6.66 1.01996 0.978841 -0.0199619
6.67 1.01955 0.978644 -0.0195518
6.68 1.01914 0.97845 -0.0191437
6.69 1.01874 0.978261 -0.0187379
6.7 1.01833 0.978075 -0.0183342
6.71 1.01793 0.977894 -0.0179327
6.72 1.01753 0.977717 -0.0175334
6.73 1.01714 0.977543 -0.0171364
6.74 1.01674 0.977374 -0.0167416
6.75 1.01635 0.977209 -0.0163491
6.76 1.01596 0.977047 -0.0159588
6.77 1.01557 0.976889 -0.0155708
6.78 1.01519 0.976736 -0.0151852
6.79 1.0148 0.976586 -0.0148018
6.8 1.01442 0.97644 -0.0144209
6.81 1.01404 0.976297 -0.0140422
6.82 1.01367 0.976159 -0.013666
6.83 1.01329 0.976024 -0.0132921
6.84 1.01292 0.975893 -0.0129206
6.85 1.01255 0.975765 -0.0125515
6.86 1.01218 0.975642 -0.0121849
6.87 1.01182 0.975522 -0.0118207
6.88 1.01146 0.975405 -0.0114589
6.89 1.0111 0.975293 -0.0110996
6.9 1.01074 0.975183 -0.0107428
6.91 1.01039 0.975078 -0.0103884
6.92 1.01004 0.974976 -0.0100366
6.93 1.00969 0.974877 -0.00968722
6.94 1.00934 0.974782 -0.00934038
6.95 1.009 0.97469 -0.00899605
6.96 1.00865 0.974602 -0.00865426
6.97 1.00832 0.974517 -0.00831501
6.98 1.00798 0.974436 -0.00797831
6.99 1.00764 0.974357 -0.00764416
7 1.00731 0.974283 -0.00731258
7.01 1.00698 0.974211 -0.00698357
7.02 1.00666 0.974143 -0.00665713
7.03 1.00633 0.974078 -0.00633329
7.04 1.00601 0.974016 -0.00601203
7.05 1.00569 0.973958 -0.00569337
7.06 1.00538 0.973902 -0.00537732
7.07 1.00506 0.97385 -0.00506388
7.08 1.00475 0.973801 -0.00475305
7.09 1.00444 0.973755 -0.00444484
7.1 1.00414 0.973712 -0.00413926
7.11 1.00384 0.973672 -0.00383631
7.12 1.00354 0.973635 -0.00353598
7.13 1.00324 0.973602 -0.0032383
7.14 1.00294 0.973571 -0.00294325
7.15 1.00265 0.973543 -0.00265085
7.16 1.00236 0.973518 -0.00236109
7.17 1.00207 0.973496 -0.00207398
7.18 1.00179 0.973476 -0.00178952
7.19 1.00151 0.97346 -0.00150772
7.2 1.00123 0.973446 -0.00122856
7.21 1.00095 0.973435 -0.000952066
7.22 1.00068 0.973427 -0.000678225
7.23 1.00041 0.973422 -0.000407041
7.24 1.00014 0.973419 -0.000138515
7.25 0.999873 0.973419 0.000127352
7.26 0.999609 0.973421 0.000390562
7.27 0.999349 0.973427 0.000651114
7.28 0.999091 0.973434 0.000909009
7.29 0.998836 0.973445 0.00116425
7.3 0.998583 0.973458 0.00141683
7.31 0.998333 0.973473 0.00166676
7.32 0.998086 0.973491 0.00191403
7.33 0.997841 0.973511 0.00215866
7.34 0.997599 0.973534 0.00240064
7.35 0.99736 0.973559 0.00263997
7.36 0.997123 0.973587 0.00287665
7.37 0.996889 0.973617 0.0031107
7.38 0.996658 0.973649 0.0033421
7.39 0.996429 0.973684 0.00357087
7.4 0.996203 0.973721 0.00379701
7.41 0.995979 0.97376 0.00402053
7.42 0.995759 0.973801 0.00424141
7.43 0.99554 0.973844 0.00445968
7.44 0.995325 0.97389 0.00467533
7.45 0.995112 0.973938 0.00488838
7.46 0.994901 0.973988 0.00509881
7.47 0.994693 0.97404 0.00530664
7.48 0.994488 0.974094 0.00551188
7.49 0.994285 0.97415 0.00571453
7.5 0.994085 0.974208 0.00591459
7.51 0.993888 0.974268 0.00611208
7.52 0.993693 0.97433 0.00630699
7.53 0.993501 0.974394 0.00649933
7.54 0.993311 0.97446 0.00668911
7.55 0.993124 0.974528 0.00687634
7.56 0.992939 0.974598 0.00706103
7.57 0.992757 0.974669 0.00724317
7.58 0.992577 0.974743 0.00742278
7.59 0.9924 0.974818 0.00759986
7.6 0.992226 0.974895 0.00777442
7.61 0.992054 0.974973 0.00794648
7.62 0.991884 0.975054 0.00811603
7.63 0.991717 0.975136 0.00828309
7.64 0.991552 0.975219 0.00844766
7.65 0.99139 0.975305 0.00860975
7.66 0.991231 0.975392 0.00876938
7.67 0.991073 0.97548 0.00892654
7.68 0.990919 0.97557 0.00908125
7.69 0.990766 0.975662 0.00923352
7.7 0.990617 0.975755 0.00938335
7.71 0.990469 0.975849 0.00953076
7.72 0.990324 0.975945 0.00967575
7.73 0.990182 0.976043 0.00981834
7.74 0.990041 0.976142 0.00995854
7.75 0.989904 0.976242 0.0100963
7.76 0.989768 0.976344 0.0102318
7.77 0.989635 0.976447 0.0103648
7.78 0.989504 0.976551 0.0104956
7.79 0.989376 0.976656 0.0106239
7.8 0.98925 0.976763 0.01075
7.81 0.989126 0.976871 0.0108737
7.82 0.989005 0.976981 0.0109951
7.83 0.988886 0.977091 0.0111141
7.84 0.988769 0.977203 0.0112309
7.85 0.988655 0.977316 0.0113455
7.86 0.988542 0.97743 0.0114577
7.87 0.988432 0.977545 0.0115677
7.88 0.988325 0.977661 0.0116755
7.89 0.988219 0.977779 0.011781
7.9 0.988116 0.977897 0.0118843
7.91 0.988015 0.978016 0.0119854
7.92 0.987916 0.978137 0.0120843
7.93 0.987819 0.978258 0.012181
7.94 0.987725 0.97838 0.0122755
7.95 0.987632 0.978503 0.0123679
7.96 0.987542 0.978628 0.0124581
7.97 0.987454 0.978753 0.0125461
7.98 0.987368 0.978878 0.0126321
7.99 0.987284 0.979005 0.0127159
8 0.987202 0.979133 0.0127977
8.01 0.987123 0.979261 0.0128773
8.02 0.987045 0.97939 0.0129549
8.03 0.98697 0.97952 0.0130304
8.04 0.986896 0.979651 0.0131039
8.05 0.986825 0.979782 0.0131754
8.06 0.986755 0.979914 0.0132448
8.07 0.986688 0.980047 0.0133122
8.08 0.986622 0.980181 0.0133776
8.09 0.986559 0.980315 0.013441
8.1 0.986498 0.980449 0.0135025
8.11 0.986438 0.980585 0.013562
8.12 0.98638 0.980721 0.0136195
8.13 0.986325 0.980857 0.0136752
8.14 0.986271 0.980994 0.0137289
8.15 0.986219 0.981132 0.0137807
8.16 0.986169 0.98127 0.0138307
8.17 0.986121 0.981408 0.0138787
8.18 0.986075 0.981547 0.0139249
8.19 0.986031 0.981687 0.0139693
8.2 0.985988 0.981827 0.0140118
8.21 0.985947 0.981967 0.0140525
8.22 0.985909 0.982108 0.0140914
8.23 0.985871 0.982249 0.0141285
8.24 0.985836 0.98239 0.0141639
8.25 0.985803 0.982532 0.0141975
8.26 0.985771 0.982674 0.0142293
8.27 0.985741 0.982817 0.0142594
8.28 0.985712 0.982959 0.0142878
8.29 0.985686 0.983102 0.0143145
8.3 0.985661 0.983246 0.0143395
8.31 0.985637 0.983389 0.0143628
8.32 0.985616 0.983533 0.0143844
8.33 0.985596 0.983677 0.0144044
8.34 0.985577 0.983821 0.0144228
8.35 0.98556 0.983965 0.0144396
8.36 0.985545 0.98411 0.0144547
8.37 0.985532 0.984254 0.0144683
8.38 0.98552 0.984399 0.0144803
8.39 0.985509 0.984544 0.0144907
8.4 0.9855 0.984689 0.0144996
8.41 0.985493 0.984834 0.0145069
8.42 0.985487 0.984979 0.0145128
8.43 0.985483 0.985124 0.0145171
8.44 0.98548 0.985269 0.0145199
8.45 0.985479 0.985415 0.0145213
8.46 0.985479 0.98556 0.0145212
8.47 0.98548 0.985705 0.0145197
8.48 0.985483 0.98585 0.0145167
8.49 0.985488 0.985995 0.0145124
8.5 0.985493 0.986141 0.0145066
8.51 0.985501 0.986286 0.0144994
8.52 0.985509 0.986431 0.0144909
8.53 0.985519 0.986575 0.014481
8.54 0.98553 0.98672 0.0144698
8.55 0.985543 0.986865 0.0144572
8.56 0.985557 0.987009 0.0144433
8.57 0.985572 0.987154 0.0144282
8.58 0.985588 0.987298 0.0144117
8.59 0.985606 0.987442 0.014394
8.6 0.985625 0.987586 0.014375
8.61 0.985645 0.987729 0.0143548
8.62 0.985667 0.987873 0.0143333
8.63 0.985689 0.988016 0.0143107
8.64 0.985713 0.988159 0.0142868
8.65 0.985738 0.988302 0.0142618
8.66 0.985764 0.988444 0.0142355
8.67 0.985792 0.988586 0.0142082
8.68 0.98582 0.988728 0.0141797
8.69 0.98585 0.98887 0.01415
8.7 0.985881 0.989011 0.0141193
8.71 0.985913 0.989152 0.0140874
8.72 0.985946 0.989293 0.0140545
8.73 0.98598 0.989433 0.0140205
8.74 0.986015 0.989574 0.0139854
8.75 0.986051 0.989713 0.0139493
8.76 0.986088 0.989853 0.0139122
8.77 0.986126 0.989991 0.013874
8.78 0.986165 0.99013 0.0138349
8.79 0.986205 0.990268 0.0137947
8.8 0.986246 0.990406 0.0137536
8.81 0.986288 0.990543 0.0137115
8.82 0.986331 0.99068 0.0136685
8.83 0.986375 0.990817 0.0136246
8.84 0.98642 0.990953 0.0135797
8.85 0.986466 0.991088 0.0135339
8.86 0.986513 0.991223 0.0134873
8.87 0.98656 0.991358 0.0134397
8.88 0.986609 0.991492 0.0133913
8.89 0.986658 0.991626 0.0133421
8.9 0.986708 0.991759 0.013292
8.91 0.986759 0.991892 0.0132411
8.92 0.986811 0.992024 0.0131893
8.93 0.986863 0.992155 0.0131368
8.94 0.986917 0.992286 0.0130835
8.95 0.986971 0.992417 0.0130294
8.96 0.987025 0.992547 0.0129746
8.97 0.987081 0.992676 0.012919
8.98 0.987137 0.992805 0.0128627
8.99 0.987194 0.992934 0.0128056
9 0.987252 0.993062 0.0127479
9.01 0.987311 0.993189 0.0126895
9.02 0.98737 0.993315 0.0126303
9.03 0.987429 0.993441 0.0125705
9.04 0.98749 0.993567 0.0125101
9.05 0.987551 0.993691 0.012449
9.06 0.987613 0.993816 0.0123873
9.07 0.987675 0.993939 0.012325
9.08 0.987738 0.994062 0.012262
9.09 0.987802 0.994184 0.0121985
9.1 0.987866 0.994306 0.0121344
9.11 0.98793 0.994427 0.0120697
9.12 0.987996 0.994548 0.0120044
9.13 0.988061 0.994667 0.0119386
9.14 0.988128 0.994786 0.0118723
9.15 0.988195 0.994905 0.0118055
9.16 0.988262 0.995022 0.0117381
9.17 0.98833 0.995139 0.0116703
9.18 0.988398 0.995256 0.0116019
9.19 0.988467 0.995371 0.0115331
9.2 0.988536 0.995486 0.0114639
9.21 0.988606 0.995601 0.0113941
9.22 0.988676 0.995714 0.011324
9.23 0.988747 0.995827 0.0112534
9.24 0.988818 0.995939 0.0111824
9.25 0.988889 0.996051 0.0111109
9.26 0.988961 0.996162 0.0110391
9.27 0.989033 0.996272 0.0109669
9.28 0.989106 0.996381 0.0108944
9.29 0.989179 0.99649 0.0108214
9.3 0.989252 0.996597 0.0107481
9.31 0.989325 0.996705 0.0106745
9.32 0.989399 0.996811 0.0106006
9.33 0.989474 0.996917 0.0105263
9.34 0.989548 0.997021 0.0104517
9.35 0.989623 0.997126 0.0103768
9.36 0.989698 0.997229 0.0103017
9.37 0.989774 0.997332 0.0102262
9.38 0.989849 0.997433 0.0101505
9.39 0.989925 0.997535 0.0100746
9.4 0.990002 0.997635 0.00999834
9.41 0.990078 0.997735 0.0099219
9.42 0.990155 0.997833 0.00984522
9.43 0.990232 0.997931 0.00976833
9.44 0.990309 0.998029 0.00969123
9.45 0.990386 0.998125 0.00961393
9.46 0.990464 0.998221 0.00953645
9.47 0.990541 0.998316 0.00945879
9.48 0.990619 0.99841 0.00938096
9.49 0.990697 0.998504 0.00930297
9.5 0.990775 0.998596 0.00922483
9.51 0.990853 0.998688 0.00914655
9.52 0.990932 0.998779 0.00906814
9.53 0.99101 0.998869 0.00898961
9.54 0.991089 0.998959 0.00891097
9.55 0.991168 0.999048 0.00883222
9.56 0.991247 0.999136 0.00875337
9.57 0.991326 0.999223 0.00867444
9.58 0.991405 0.999309 0.00859543
9.59 0.991484 0.999395 0.00851635
9.6 0.991563 0.999479 0.00843722
9.61 0.991642 0.999563 0.00835802
9.62 0.991721 0.999647 0.00827879
9.63 0.9918 0.999729 0.00819952
9.64 0.99188 0.999811 0.00812022
9.65 0.991959 0.999891 0.00804091
9.66 0.992038 0.999971 0.00796158
9.67 0.992118 1.00005 0.00788225
9.68 0.992197 1.00013 0.00780293
9.69 0.992276 1.00021 0.00772362
9.7 0.992356 1.00028 0.00764433
9.71 0.992435 1.00036 0.00756506
9.72 0.992514 1.00043 0.00748584
9.73 0.992593 1.00051 0.00740665
9.74 0.992672 1.00058 0.00732752
9.75 0.992752 1.00066 0.00724845
9.76 0.992831 1.00073 0.00716944
9.77 0.992909 1.0008 0.0070905
9.78 0.992988 1.00087 0.00701165
9.79 0.993067 1.00094 0.00693288
9.8 0.993146 1.00101 0.0068542
9.81 0.993224 1.00108 0.00677563
9.82 0.993303 1.00114 0.00669716
9.83 0.993381 1.00121 0.00661881
9.84 0.993459 1.00128 0.00654058
9.85 0.993538 1.00134 0.00646248
9.86 0.993615 1.00141 0.00638451
9.87 0.993693 1.00147 0.00630668
9.88 0.993771 1.00153 0.006229
9.89 0.993849 1.00159 0.00615147
9.9 0.993926 1.00165 0.0060741
9.91 0.994003 1.00172 0.0059969
9.92 0.99408 1.00177 0.00591986
9.93 0.994157 1.00183 0.00584301
9.94 0.994234 1.00189 0.00576634
9.95 0.99431 1.00195 0.00568985
9.96 0.994386 1.00201 0.00561357
9.97 0.994463 1.00206 0.00553748
9.98 0.994538 1.00212 0.0054616
9.99 0.994614 1.00217 0.00538593
10 0.99469 1.00222 0.00531048
