100
4950 99 -98 97 -96 95 -94 93 -92 91 -90 89 -88 87 -86 85 -84 83 -82 81 -80 79 -78 77 -76 75 -74 73 -72 71 -70 69 -68 67 -66 65 -64 63 -62 61 -60 59 -58 57 -56 55 -54 53 -52 51 -50 49 -48 47 -46 45 -44 43 -42 41 -40 39 -38 37 -36 35 -34 33 -32 31 -30 29 -28 27 -26 25 -24 23 -22 21 -20 19 -18 17 -16 15 -14 13 -12 11 -10 9 -8 7 -6 5 -4 3 -2 1
99 5048 -99 98 -97 96 -95 94 -93 92 -91 90 -89 88 -87 86 -85 84 -83 82 -81 80 -79 78 -77 76 -75 74 -73 72 -71 70 -69 68 -67 66 -65 64 -63 62 -61 60 -59 58 -57 56 -55 54 -53 52 -51 50 -49 48 -47 46 -45 44 -43 42 -41 40 -39 38 -37 36 -35 34 -33 32 -31 30 -29 28 -27 26 -25 24 -23 22 -21 20 -19 18 -17 16 -15 14 -13 12 -11 10 -9 8 -7 6 -5 4 -3 2
98 -99 5144 99 -98 97 -96 95 -94 93 -92 91 -90 89 -88 87 -86 85 -84 83 -82 81 -80 79 -78 77 -76 75 -74 73 -72 71 -70 69 -68 67 -66 65 -64 63 -62 61 -60 59 -58 57 -56 55 -54 53 -52 51 -50 49 -48 47 -46 45 -44 43 -42 41 -40 39 -38 37 -36 35 -34 33 -32 31 -30 29 -28 27 -26 25 -24 23 -22 21 -20 19 -18 17 -16 15 -14 13 -12 11 -10 9 -8 7 -6 5 -4 3
97 -98 99 5238 -99 98 -97 96 -95 94 -93 92 -91 90 -89 88 -87 86 -85 84 -83 82 -81 80 -79 78 -77 76 -75 74 -73 72 -71 70 -69 68 -67 66 -65 64 -63 62 -61 60 -59 58 -57 56 -55 54 -53 52 -51 50 -49 48 -47 46 -45 44 -43 42 -41 40 -39 38 -37 36 -35 34 -33 32 -31 30 -29 28 -27 26 -25 24 -23 22 -21 20 -19 18 -17 16 -15 14 -13 12 -11 10 -9 8 -7 6 -5 4
96 -97 98 -99 5330 99 -98 97 -96 95 -94 93 -92 91 -90 89 -88 87 -86 85 -84 83 -82 81 -80 79 -78 77 -76 75 -74 73 -72 71 -70 69 -68 67 -66 65 -64 63 -62 61 -60 59 -58 57 -56 55 -54 53 -52 51 -50 49 -48 47 -46 45 -44 43 -42 41 -40 39 -38 37 -36 35 -34 33 -32 31 -30 29 -28 27 -26 25 -24 23 -22 21 -20 19 -18 17 -16 15 -14 13 -12 11 -10 9 -8 7 -6 5
95 -96 97 -98 99 5420 -99 98 -97 96 -95 94 -93 92 -91 90 -89 88 -87 86 -85 84 -83 82 -81 80 -79 78 -77 76 -75 74 -73 72 -71 70 -69 68 -67 66 -65 64 -63 62 -61 60 -59 58 -57 56 -55 54 -53 52 -51 50 -49 48 -47 46 -45 44 -43 42 -41 40 -39 38 -37 36 -35 34 -33 32 -31 30 -29 28 -27 26 -25 24 -23 22 -21 20 -19 18 -17 16 -15 14 -13 12 -11 10 -9 8 -7 6
94 -95 96 -97 98 -99 5508 99 -98 97 -96 95 -94 93 -92 91 -90 89 -88 87 -86 85 -84 83 -82 81 -80 79 -78 77 -76 75 -74 73 -72 71 -70 69 -68 67 -66 65 -64 63 -62 61 -60 59 -58 57 -56 55 -54 53 -52 51 -50 49 -48 47 -46 45 -44 43 -42 41 -40 39 -38 37 -36 35 -34 33 -32 31 -30 29 -28 27 -26 25 -24 23 -22 21 -20 19 -18 17 -16 15 -14 13 -12 11 -10 9 -8 7
93 -94 95 -96 97 -98 99 5594 -99 98 -97 96 -95 94 -93 92 -91 90 -89 88 -87 86 -85 84 -83 82 -81 80 -79 78 -77 76 -75 74 -73 72 -71 70 -69 68 -67 66 -65 64 -63 62 -61 60 -59 58 -57 56 -55 54 -53 52 -51 50 -49 48 -47 46 -45 44 -43 42 -41 40 -39 38 -37 36 -35 34 -33 32 -31 30 -29 28 -27 26 -25 24 -23 22 -21 20 -19 18 -17 16 -15 14 -13 12 -11 10 -9 8
92 -93 94 -95 96 -97 98 -99 5678 99 -98 97 -96 95 -94 93 -92 91 -90 89 -88 87 -86 85 -84 83 -82 81 -80 79 -78 77 -76 75 -74 73 -72 71 -70 69 -68 67 -66 65 -64 63 -62 61 -60 59 -58 57 -56 55 -54 53 -52 51 -50 49 -48 47 -46 45 -44 43 -42 41 -40 39 -38 37 -36 35 -34 33 -32 31 -30 29 -28 27 -26 25 -24 23 -22 21 -20 19 -18 17 -16 15 -14 13 -12 11 -10 9
91 -92 93 -94 95 -96 97 -98 99 5760 -99 98 -97 96 -95 94 -93 92 -91 90 -89 88 -87 86 -85 84 -83 82 -81 80 -79 78 -77 76 -75 74 -73 72 -71 70 -69 68 -67 66 -65 64 -63 62 -61 60 -59 58 -57 56 -55 54 -53 52 -51 50 -49 48 -47 46 -45 44 -43 42 -41 40 -39 38 -37 36 -35 34 -33 32 -31 30 -29 28 -27 26 -25 24 -23 22 -21 20 -19 18 -17 16 -15 14 -13 12 -11 10
90 -91 92 -93 94 -95 96 -97 98 -99 5840 99 -98 97 -96 95 -94 93 -92 91 -90 89 -88 87 -86 85 -84 83 -82 81 -80 79 -78 77 -76 75 -74 73 -72 71 -70 69 -68 67 -66 65 -64 63 -62 61 -60 59 -58 57 -56 55 -54 53 -52 51 -50 49 -48 47 -46 45 -44 43 -42 41 -40 39 -38 37 -36 35 -34 33 -32 31 -30 29 -28 27 -26 25 -24 23 -22 21 -20 19 -18 17 -16 15 -14 13 -12 11
89 -90 91 -92 93 -94 95 -96 97 -98 99 5918 -99 98 -97 96 -95 94 -93 92 -91 90 -89 88 -87 86 -85 84 -83 82 -81 80 -79 78 -77 76 -75 74 -73 72 -71 70 -69 68 -67 66 -65 64 -63 62 -61 60 -59 58 -57 56 -55 54 -53 52 -51 50 -49 48 -47 46 -45 44 -43 42 -41 40 -39 38 -37 36 -35 34 -33 32 -31 30 -29 28 -27 26 -25 24 -23 22 -21 20 -19 18 -17 16 -15 14 -13 12
88 -89 90 -91 92 -93 94 -95 96 -97 98 -99 5994 99 -98 97 -96 95 -94 93 -92 91 -90 89 -88 87 -86 85 -84 83 -82 81 -80 79 -78 77 -76 75 -74 73 -72 71 -70 69 -68 67 -66 65 -64 63 -62 61 -60 59 -58 57 -56 55 -54 53 -52 51 -50 49 -48 47 -46 45 -44 43 -42 41 -40 39 -38 37 -36 35 -34 33 -32 31 -30 29 -28 27 -26 25 -24 23 -22 21 -20 19 -18 17 -16 15 -14 13
87 -88 89 -90 91 -92 93 -94 95 -96 97 -98 99 6068 -99 98 -97 96 -95 94 -93 92 -91 90 -89 88 -87 86 -85 84 -83 82 -81 80 -79 78 -77 76 -75 74 -73 72 -71 70 -69 68 -67 66 -65 64 -63 62 -61 60 -59 58 -57 56 -55 54 -53 52 -51 50 -49 48 -47 46 -45 44 -43 42 -41 40 -39 38 -37 36 -35 34 -33 32 -31 30 -29 28 -27 26 -25 24 -23 22 -21 20 -19 18 -17 16 -15 14
86 -87 88 -89 90 -91 92 -93 94 -95 96 -97 98 -99 6140 99 -98 97 -96 95 -94 93 -92 91 -90 89 -88 87 -86 85 -84 83 -82 81 -80 79 -78 77 -76 75 -74 73 -72 71 -70 69 -68 67 -66 65 -64 63 -62 61 -60 59 -58 57 -56 55 -54 53 -52 51 -50 49 -48 47 -46 45 -44 43 -42 41 -40 39 -38 37 -36 35 -34 33 -32 31 -30 29 -28 27 -26 25 -24 23 -22 21 -20 19 -18 17 -16 15
85 -86 87 -88 89 -90 91 -92 93 -94 95 -96 97 -98 99 6210 -99 98 -97 96 -95 94 -93 92 -91 90 -89 88 -87 86 -85 84 -83 82 -81 80 -79 78 -77 76 -75 74 -73 72 -71 70 -69 68 -67 66 -65 64 -63 62 -61 60 -59 58 -57 56 -55 54 -53 52 -51 50 -49 48 -47 46 -45 44 -43 42 -41 40 -39 38 -37 36 -35 34 -33 32 -31 30 -29 28 -27 26 -25 24 -23 22 -21 20 -19 18 -17 16
84 -85 86 -87 88 -89 90 -91 92 -93 94 -95 96 -97 98 -99 6278 99 -98 97 -96 95 -94 93 -92 91 -90 89 -88 87 -86 85 -84 83 -82 81 -80 79 -78 77 -76 75 -74 73 -72 71 -70 69 -68 67 -66 65 -64 63 -62 61 -60 59 -58 57 -56 55 -54 53 -52 51 -50 49 -48 47 -46 45 -44 43 -42 41 -40 39 -38 37 -36 35 -34 33 -32 31 -30 29 -28 27 -26 25 -24 23 -22 21 -20 19 -18 17
83 -84 85 -86 87 -88 89 -90 91 -92 93 -94 95 -96 97 -98 99 6344 -99 98 -97 96 -95 94 -93 92 -91 90 -89 88 -87 86 -85 84 -83 82 -81 80 -79 78 -77 76 -75 74 -73 72 -71 70 -69 68 -67 66 -65 64 -63 62 -61 60 -59 58 -57 56 -55 54 -53 52 -51 50 -49 48 -47 46 -45 44 -43 42 -41 40 -39 38 -37 36 -35 34 -33 32 -31 30 -29 28 -27 26 -25 24 -23 22 -21 20 -19 18
82 -83 84 -85 86 -87 88 -89 90 -91 92 -93 94 -95 96 -97 98 -99 6408 99 -98 97 -96 95 -94 93 -92 91 -90 89 -88 87 -86 85 -84 83 -82 81 -80 79 -78 77 -76 75 -74 73 -72 71 -70 69 -68 67 -66 65 -64 63 -62 61 -60 59 -58 57 -56 55 -54 53 -52 51 -50 49 -48 47 -46 45 -44 43 -42 41 -40 39 -38 37 -36 35 -34 33 -32 31 -30 29 -28 27 -26 25 -24 23 -22 21 -20 19
81 -82 83 -84 85 -86 87 -88 89 -90 91 -92 93 -94 95 -96 97 -98 99 6470 -99 98 -97 96 -95 94 -93 92 -91 90 -89 88 -87 86 -85 84 -83 82 -81 80 -79 78 -77 76 -75 74 -73 72 -71 70 -69 68 -67 66 -65 64 -63 62 -61 60 -59 58 -57 56 -55 54 -53 52 -51 50 -49 48 -47 46 -45 44 -43 42 -41 40 -39 38 -37 36 -35 34 -33 32 -31 30 -29 28 -27 26 -25 24 -23 22 -21 20
80 -81 82 -83 84 -85 86 -87 88 -89 90 -91 92 -93 94 -95 96 -97 98 -99 6530 99 -98 97 -96 95 -94 93 -92 91 -90 89 -88 87 -86 85 -84 83 -82 81 -80 79 -78 77 -76 75 -74 73 -72 71 -70 69 -68 67 -66 65 -64 63 -62 61 -60 59 -58 57 -56 55 -54 53 -52 51 -50 49 -48 47 -46 45 -44 43 -42 41 -40 39 -38 37 -36 35 -34 33 -32 31 -30 29 -28 27 -26 25 -24 23 -22 21
79 -80 81 -82 83 -84 85 -86 87 -88 89 -90 91 -92 93 -94 95 -96 97 -98 99 6588 -99 98 -97 96 -95 94 -93 92 -91 90 -89 88 -87 86 -85 84 -83 82 -81 80 -79 78 -77 76 -75 74 -73 72 -71 70 -69 68 -67 66 -65 64 -63 62 -61 60 -59 58 -57 56 -55 54 -53 52 -51 50 -49 48 -47 46 -45 44 -43 42 -41 40 -39 38 -37 36 -35 34 -33 32 -31 30 -29 28 -27 26 -25 24 -23 22
78 -79 80 -81 82 -83 84 -85 86 -87 88 -89 90 -91 92 -93 94 -95 96 -97 98 -99 6644 99 -98 97 -96 95 -94 93 -92 91 -90 89 -88 87 -86 85 -84 83 -82 81 -80 79 -78 77 -76 75 -74 73 -72 71 -70 69 -68 67 -66 65 -64 63 -62 61 -60 59 -58 57 -56 55 -54 53 -52 51 -50 49 -48 47 -46 45 -44 43 -42 41 -40 39 -38 37 -36 35 -34 33 -32 31 -30 29 -28 27 -26 25 -24 23
77 -78 79 -80 81 -82 83 -84 85 -86 87 -88 89 -90 91 -92 93 -94 95 -96 97 -98 99 6698 -99 98 -97 96 -95 94 -93 92 -91 90 -89 88 -87 86 -85 84 -83 82 -81 80 -79 78 -77 76 -75 74 -73 72 -71 70 -69 68 -67 66 -65 64 -63 62 -61 60 -59 58 -57 56 -55 54 -53 52 -51 50 -49 48 -47 46 -45 44 -43 42 -41 40 -39 38 -37 36 -35 34 -33 32 -31 30 -29 28 -27 26 -25 24
76 -77 78 -79 80 -81 82 -83 84 -85 86 -87 88 -89 90 -91 92 -93 94 -95 96 -97 98 -99 6750 99 -98 97 -96 95 -94 93 -92 91 -90 89 -88 87 -86 85 -84 83 -82 81 -80 79 -78 77 -76 75 -74 73 -72 71 -70 69 -68 67 -66 65 -64 63 -62 61 -60 59 -58 57 -56 55 -54 53 -52 51 -50 49 -48 47 -46 45 -44 43 -42 41 -40 39 -38 37 -36 35 -34 33 -32 31 -30 29 -28 27 -26 25
75 -76 77 -78 79 -80 81 -82 83 -84 85 -86 87 -88 89 -90 91 -92 93 -94 95 -96 97 -98 99 6800 -99 98 -97 96 -95 94 -93 92 -91 90 -89 88 -87 86 -85 84 -83 82 -81 80 -79 78 -77 76 -75 74 -73 72 -71 70 -69 68 -67 66 -65 64 -63 62 -61 60 -59 58 -57 56 -55 54 -53 52 -51 50 -49 48 -47 46 -45 44 -43 42 -41 40 -39 38 -37 36 -35 34 -33 32 -31 30 -29 28 -27 26
74 -75 76 -77 78 -79 80 -81 82 -83 84 -85 86 -87 88 -89 90 -91 92 -93 94 -95 96 -97 98 -99 6848 99 -98 97 -96 95 -94 93 -92 91 -90 89 -88 87 -86 85 -84 83 -82 81 -80 79 -78 77 -76 75 -74 73 -72 71 -70 69 -68 67 -66 65 -64 63 -62 61 -60 59 -58 57 -56 55 -54 53 -52 51 -50 49 -48 47 -46 45 -44 43 -42 41 -40 39 -38 37 -36 35 -34 33 -32 31 -30 29 -28 27
73 -74 75 -76 77 -78 79 -80 81 -82 83 -84 85 -86 87 -88 89 -90 91 -92 93 -94 95 -96 97 -98 99 6894 -99 98 -97 96 -95 94 -93 92 -91 90 -89 88 -87 86 -85 84 -83 82 -81 80 -79 78 -77 76 -75 74 -73 72 -71 70 -69 68 -67 66 -65 64 -63 62 -61 60 -59 58 -57 56 -55 54 -53 52 -51 50 -49 48 -47 46 -45 44 -43 42 -41 40 -39 38 -37 36 -35 34 -33 32 -31 30 -29 28
72 -73 74 -75 76 -77 78 -79 80 -81 82 -83 84 -85 86 -87 88 -89 90 -91 92 -93 94 -95 96 -97 98 -99 6938 99 -98 97 -96 95 -94 93 -92 91 -90 89 -88 87 -86 85 -84 83 -82 81 -80 79 -78 77 -76 75 -74 73 -72 71 -70 69 -68 67 -66 65 -64 63 -62 61 -60 59 -58 57 -56 55 -54 53 -52 51 -50 49 -48 47 -46 45 -44 43 -42 41 -40 39 -38 37 -36 35 -34 33 -32 31 -30 29
71 -72 73 -74 75 -76 77 -78 79 -80 81 -82 83 -84 85 -86 87 -88 89 -90 91 -92 93 -94 95 -96 97 -98 99 6980 -99 98 -97 96 -95 94 -93 92 -91 90 -89 88 -87 86 -85 84 -83 82 -81 80 -79 78 -77 76 -75 74 -73 72 -71 70 -69 68 -67 66 -65 64 -63 62 -61 60 -59 58 -57 56 -55 54 -53 52 -51 50 -49 48 -47 46 -45 44 -43 42 -41 40 -39 38 -37 36 -35 34 -33 32 -31 30
70 -71 72 -73 74 -75 76 -77 78 -79 80 -81 82 -83 84 -85 86 -87 88 -89 90 -91 92 -93 94 -95 96 -97 98 -99 7020 99 -98 97 -96 95 -94 93 -92 91 -90 89 -88 87 -86 85 -84 83 -82 81 -80 79 -78 77 -76 75 -74 73 -72 71 -70 69 -68 67 -66 65 -64 63 -62 61 -60 59 -58 57 -56 55 -54 53 -52 51 -50 49 -48 47 -46 45 -44 43 -42 41 -40 39 -38 37 -36 35 -34 33 -32 31
69 -70 71 -72 73 -74 75 -76 77 -78 79 -80 81 -82 83 -84 85 -86 87 -88 89 -90 91 -92 93 -94 95 -96 97 -98 99 7058 -99 98 -97 96 -95 94 -93 92 -91 90 -89 88 -87 86 -85 84 -83 82 -81 80 -79 78 -77 76 -75 74 -73 72 -71 70 -69 68 -67 66 -65 64 -63 62 -61 60 -59 58 -57 56 -55 54 -53 52 -51 50 -49 48 -47 46 -45 44 -43 42 -41 40 -39 38 -37 36 -35 34 -33 32
68 -69 70 -71 72 -73 74 -75 76 -77 78 -79 80 -81 82 -83 84 -85 86 -87 88 -89 90 -91 92 -93 94 -95 96 -97 98 -99 7094 99 -98 97 -96 95 -94 93 -92 91 -90 89 -88 87 -86 85 -84 83 -82 81 -80 79 -78 77 -76 75 -74 73 -72 71 -70 69 -68 67 -66 65 -64 63 -62 61 -60 59 -58 57 -56 55 -54 53 -52 51 -50 49 -48 47 -46 45 -44 43 -42 41 -40 39 -38 37 -36 35 -34 33
67 -68 69 -70 71 -72 73 -74 75 -76 77 -78 79 -80 81 -82 83 -84 85 -86 87 -88 89 -90 91 -92 93 -94 95 -96 97 -98 99 7128 -99 98 -97 96 -95 94 -93 92 -91 90 -89 88 -87 86 -85 84 -83 82 -81 80 -79 78 -77 76 -75 74 -73 72 -71 70 -69 68 -67 66 -65 64 -63 62 -61 60 -59 58 -57 56 -55 54 -53 52 -51 50 -49 48 -47 46 -45 44 -43 42 -41 40 -39 38 -37 36 -35 34
66 -67 68 -69 70 -71 72 -73 74 -75 76 -77 78 -79 80 -81 82 -83 84 -85 86 -87 88 -89 90 -91 92 -93 94 -95 96 -97 98 -99 7160 99 -98 97 -96 95 -94 93 -92 91 -90 89 -88 87 -86 85 -84 83 -82 81 -80 79 -78 77 -76 75 -74 73 -72 71 -70 69 -68 67 -66 65 -64 63 -62 61 -60 59 -58 57 -56 55 -54 53 -52 51 -50 49 -48 47 -46 45 -44 43 -42 41 -40 39 -38 37 -36 35
65 -66 67 -68 69 -70 71 -72 73 -74 75 -76 77 -78 79 -80 81 -82 83 -84 85 -86 87 -88 89 -90 91 -92 93 -94 95 -96 97 -98 99 7190 -99 98 -97 96 -95 94 -93 92 -91 90 -89 88 -87 86 -85 84 -83 82 -81 80 -79 78 -77 76 -75 74 -73 72 -71 70 -69 68 -67 66 -65 64 -63 62 -61 60 -59 58 -57 56 -55 54 -53 52 -51 50 -49 48 -47 46 -45 44 -43 42 -41 40 -39 38 -37 36
64 -65 66 -67 68 -69 70 -71 72 -73 74 -75 76 -77 78 -79 80 -81 82 -83 84 -85 86 -87 88 -89 90 -91 92 -93 94 -95 96 -97 98 -99 7218 99 -98 97 -96 95 -94 93 -92 91 -90 89 -88 87 -86 85 -84 83 -82 81 -80 79 -78 77 -76 75 -74 73 -72 71 -70 69 -68 67 -66 65 -64 63 -62 61 -60 59 -58 57 -56 55 -54 53 -52 51 -50 49 -48 47 -46 45 -44 43 -42 41 -40 39 -38 37
63 -64 65 -66 67 -68 69 -70 71 -72 73 -74 75 -76 77 -78 79 -80 81 -82 83 -84 85 -86 87 -88 89 -90 91 -92 93 -94 95 -96 97 -98 99 7244 -99 98 -97 96 -95 94 -93 92 -91 90 -89 88 -87 86 -85 84 -83 82 -81 80 -79 78 -77 76 -75 74 -73 72 -71 70 -69 68 -67 66 -65 64 -63 62 -61 60 -59 58 -57 56 -55 54 -53 52 -51 50 -49 48 -47 46 -45 44 -43 42 -41 40 -39 38
62 -63 64 -65 66 -67 68 -69 70 -71 72 -73 74 -75 76 -77 78 -79 80 -81 82 -83 84 -85 86 -87 88 -89 90 -91 92 -93 94 -95 96 -97 98 -99 7268 99 -98 97 -96 95 -94 93 -92 91 -90 89 -88 87 -86 85 -84 83 -82 81 -80 79 -78 77 -76 75 -74 73 -72 71 -70 69 -68 67 -66 65 -64 63 -62 61 -60 59 -58 57 -56 55 -54 53 -52 51 -50 49 -48 47 -46 45 -44 43 -42 41 -40 39
61 -62 63 -64 65 -66 67 -68 69 -70 71 -72 73 -74 75 -76 77 -78 79 -80 81 -82 83 -84 85 -86 87 -88 89 -90 91 -92 93 -94 95 -96 97 -98 99 7290 -99 98 -97 96 -95 94 -93 92 -91 90 -89 88 -87 86 -85 84 -83 82 -81 80 -79 78 -77 76 -75 74 -73 72 -71 70 -69 68 -67 66 -65 64 -63 62 -61 60 -59 58 -57 56 -55 54 -53 52 -51 50 -49 48 -47 46 -45 44 -43 42 -41 40
60 -61 62 -63 64 -65 66 -67 68 -69 70 -71 72 -73 74 -75 76 -77 78 -79 80 -81 82 -83 84 -85 86 -87 88 -89 90 -91 92 -93 94 -95 96 -97 98 -99 7310 99 -98 97 -96 95 -94 93 -92 91 -90 89 -88 87 -86 85 -84 83 -82 81 -80 79 -78 77 -76 75 -74 73 -72 71 -70 69 -68 67 -66 65 -64 63 -62 61 -60 59 -58 57 -56 55 -54 53 -52 51 -50 49 -48 47 -46 45 -44 43 -42 41
59 -60 61 -62 63 -64 65 -66 67 -68 69 -70 71 -72 73 -74 75 -76 77 -78 79 -80 81 -82 83 -84 85 -86 87 -88 89 -90 91 -92 93 -94 95 -96 97 -98 99 7328 -99 98 -97 96 -95 94 -93 92 -91 90 -89 88 -87 86 -85 84 -83 82 -81 80 -79 78 -77 76 -75 74 -73 72 -71 70 -69 68 -67 66 -65 64 -63 62 -61 60 -59 58 -57 56 -55 54 -53 52 -51 50 -49 48 -47 46 -45 44 -43 42
58 -59 60 -61 62 -63 64 -65 66 -67 68 -69 70 -71 72 -73 74 -75 76 -77 78 -79 80 -81 82 -83 84 -85 86 -87 88 -89 90 -91 92 -93 94 -95 96 -97 98 -99 7344 99 -98 97 -96 95 -94 93 -92 91 -90 89 -88 87 -86 85 -84 83 -82 81 -80 79 -78 77 -76 75 -74 73 -72 71 -70 69 -68 67 -66 65 -64 63 -62 61 -60 59 -58 57 -56 55 -54 53 -52 51 -50 49 -48 47 -46 45 -44 43
57 -58 59 -60 61 -62 63 -64 65 -66 67 -68 69 -70 71 -72 73 -74 75 -76 77 -78 79 -80 81 -82 83 -84 85 -86 87 -88 89 -90 91 -92 93 -94 95 -96 97 -98 99 7358 -99 98 -97 96 -95 94 -93 92 -91 90 -89 88 -87 86 -85 84 -83 82 -81 80 -79 78 -77 76 -75 74 -73 72 -71 70 -69 68 -67 66 -65 64 -63 62 -61 60 -59 58 -57 56 -55 54 -53 52 -51 50 -49 48 -47 46 -45 44
56 -57 58 -59 60 -61 62 -63 64 -65 66 -67 68 -69 70 -71 72 -73 74 -75 76 -77 78 -79 80 -81 82 -83 84 -85 86 -87 88 -89 90 -91 92 -93 94 -95 96 -97 98 -99 7370 99 -98 97 -96 95 -94 93 -92 91 -90 89 -88 87 -86 85 -84 83 -82 81 -80 79 -78 77 -76 75 -74 73 -72 71 -70 69 -68 67 -66 65 -64 63 -62 61 -60 59 -58 57 -56 55 -54 53 -52 51 -50 49 -48 47 -46 45
55 -56 57 -58 59 -60 61 -62 63 -64 65 -66 67 -68 69 -70 71 -72 73 -74 75 -76 77 -78 79 -80 81 -82 83 -84 85 -86 87 -88 89 -90 91 -92 93 -94 95 -96 97 -98 99 7380 -99 98 -97 96 -95 94 -93 92 -91 90 -89 88 -87 86 -85 84 -83 82 -81 80 -79 78 -77 76 -75 74 -73 72 -71 70 -69 68 -67 66 -65 64 -63 62 -61 60 -59 58 -57 56 -55 54 -53 52 -51 50 -49 48 -47 46
54 -55 56 -57 58 -59 60 -61 62 -63 64 -65 66 -67 68 -69 70 -71 72 -73 74 -75 76 -77 78 -79 80 -81 82 -83 84 -85 86 -87 88 -89 90 -91 92 -93 94 -95 96 -97 98 -99 7388 99 -98 97 -96 95 -94 93 -92 91 -90 89 -88 87 -86 85 -84 83 -82 81 -80 79 -78 77 -76 75 -74 73 -72 71 -70 69 -68 67 -66 65 -64 63 -62 61 -60 59 -58 57 -56 55 -54 53 -52 51 -50 49 -48 47
53 -54 55 -56 57 -58 59 -60 61 -62 63 -64 65 -66 67 -68 69 -70 71 -72 73 -74 75 -76 77 -78 79 -80 81 -82 83 -84 85 -86 87 -88 89 -90 91 -92 93 -94 95 -96 97 -98 99 7394 -99 98 -97 96 -95 94 -93 92 -91 90 -89 88 -87 86 -85 84 -83 82 -81 80 -79 78 -77 76 -75 74 -73 72 -71 70 -69 68 -67 66 -65 64 -63 62 -61 60 -59 58 -57 56 -55 54 -53 52 -51 50 -49 48
52 -53 54 -55 56 -57 58 -59 60 -61 62 -63 64 -65 66 -67 68 -69 70 -71 72 -73 74 -75 76 -77 78 -79 80 -81 82 -83 84 -85 86 -87 88 -89 90 -91 92 -93 94 -95 96 -97 98 -99 7398 99 -98 97 -96 95 -94 93 -92 91 -90 89 -88 87 -86 85 -84 83 -82 81 -80 79 -78 77 -76 75 -74 73 -72 71 -70 69 -68 67 -66 65 -64 63 -62 61 -60 59 -58 57 -56 55 -54 53 -52 51 -50 49
51 -52 53 -54 55 -56 57 -58 59 -60 61 -62 63 -64 65 -66 67 -68 69 -70 71 -72 73 -74 75 -76 77 -78 79 -80 81 -82 83 -84 85 -86 87 -88 89 -90 91 -92 93 -94 95 -96 97 -98 99 7400 -99 98 -97 96 -95 94 -93 92 -91 90 -89 88 -87 86 -85 84 -83 82 -81 80 -79 78 -77 76 -75 74 -73 72 -71 70 -69 68 -67 66 -65 64 -63 62 -61 60 -59 58 -57 56 -55 54 -53 52 -51 50
50 -51 52 -53 54 -55 56 -57 58 -59 60 -61 62 -63 64 -65 66 -67 68 -69 70 -71 72 -73 74 -75 76 -77 78 -79 80 -81 82 -83 84 -85 86 -87 88 -89 90 -91 92 -93 94 -95 96 -97 98 -99 7400 99 -98 97 -96 95 -94 93 -92 91 -90 89 -88 87 -86 85 -84 83 -82 81 -80 79 -78 77 -76 75 -74 73 -72 71 -70 69 -68 67 -66 65 -64 63 -62 61 -60 59 -58 57 -56 55 -54 53 -52 51
49 -50 51 -52 53 -54 55 -56 57 -58 59 -60 61 -62 63 -64 65 -66 67 -68 69 -70 71 -72 73 -74 75 -76 77 -78 79 -80 81 -82 83 -84 85 -86 87 -88 89 -90 91 -92 93 -94 95 -96 97 -98 99 7398 -99 98 -97 96 -95 94 -93 92 -91 90 -89 88 -87 86 -85 84 -83 82 -81 80 -79 78 -77 76 -75 74 -73 72 -71 70 -69 68 -67 66 -65 64 -63 62 -61 60 -59 58 -57 56 -55 54 -53 52
48 -49 50 -51 52 -53 54 -55 56 -57 58 -59 60 -61 62 -63 64 -65 66 -67 68 -69 70 -71 72 -73 74 -75 76 -77 78 -79 80 -81 82 -83 84 -85 86 -87 88 -89 90 -91 92 -93 94 -95 96 -97 98 -99 7394 99 -98 97 -96 95 -94 93 -92 91 -90 89 -88 87 -86 85 -84 83 -82 81 -80 79 -78 77 -76 75 -74 73 -72 71 -70 69 -68 67 -66 65 -64 63 -62 61 -60 59 -58 57 -56 55 -54 53
47 -48 49 -50 51 -52 53 -54 55 -56 57 -58 59 -60 61 -62 63 -64 65 -66 67 -68 69 -70 71 -72 73 -74 75 -76 77 -78 79 -80 81 -82 83 -84 85 -86 87 -88 89 -90 91 -92 93 -94 95 -96 97 -98 99 7388 -99 98 -97 96 -95 94 -93 92 -91 90 -89 88 -87 86 -85 84 -83 82 -81 80 -79 78 -77 76 -75 74 -73 72 -71 70 -69 68 -67 66 -65 64 -63 62 -61 60 -59 58 -57 56 -55 54
46 -47 48 -49 50 -51 52 -53 54 -55 56 -57 58 -59 60 -61 62 -63 64 -65 66 -67 68 -69 70 -71 72 -73 74 -75 76 -77 78 -79 80 -81 82 -83 84 -85 86 -87 88 -89 90 -91 92 -93 94 -95 96 -97 98 -99 7380 99 -98 97 -96 95 -94 93 -92 91 -90 89 -88 87 -86 85 -84 83 -82 81 -80 79 -78 77 -76 75 -74 73 -72 71 -70 69 -68 67 -66 65 -64 63 -62 61 -60 59 -58 57 -56 55
45 -46 47 -48 49 -50 51 -52 53 -54 55 -56 57 -58 59 -60 61 -62 63 -64 65 -66 67 -68 69 -70 71 -72 73 -74 75 -76 77 -78 79 -80 81 -82 83 -84 85 -86 87 -88 89 -90 91 -92 93 -94 95 -96 97 -98 99 7370 -99 98 -97 96 -95 94 -93 92 -91 90 -89 88 -87 86 -85 84 -83 82 -81 80 -79 78 -77 76 -75 74 -73 72 -71 70 -69 68 -67 66 -65 64 -63 62 -61 60 -59 58 -57 56
44 -45 46 -47 48 -49 50 -51 52 -53 54 -55 56 -57 58 -59 60 -61 62 -63 64 -65 66 -67 68 -69 70 -71 72 -73 74 -75 76 -77 78 -79 80 -81 82 -83 84 -85 86 -87 88 -89 90 -91 92 -93 94 -95 96 -97 98 -99 7358 99 -98 97 -96 95 -94 93 -92 91 -90 89 -88 87 -86 85 -84 83 -82 81 -80 79 -78 77 -76 75 -74 73 -72 71 -70 69 -68 67 -66 65 -64 63 -62 61 -60 59 -58 57
43 -44 45 -46 47 -48 49 -50 51 -52 53 -54 55 -56 57 -58 59 -60 61 -62 63 -64 65 -66 67 -68 69 -70 71 -72 73 -74 75 -76 77 -78 79 -80 81 -82 83 -84 85 -86 87 -88 89 -90 91 -92 93 -94 95 -96 97 -98 99 7344 -99 98 -97 96 -95 94 -93 92 -91 90 -89 88 -87 86 -85 84 -83 82 -81 80 -79 78 -77 76 -75 74 -73 72 -71 70 -69 68 -67 66 -65 64 -63 62 -61 60 -59 58
42 -43 44 -45 46 -47 48 -49 50 -51 52 -53 54 -55 56 -57 58 -59 60 -61 62 -63 64 -65 66 -67 68 -69 70 -71 72 -73 74 -75 76 -77 78 -79 80 -81 82 -83 84 -85 86 -87 88 -89 90 -91 92 -93 94 -95 96 -97 98 -99 7328 99 -98 97 -96 95 -94 93 -92 91 -90 89 -88 87 -86 85 -84 83 -82 81 -80 79 -78 77 -76 75 -74 73 -72 71 -70 69 -68 67 -66 65 -64 63 -62 61 -60 59
41 -42 43 -44 45 -46 47 -48 49 -50 51 -52 53 -54 55 -56 57 -58 59 -60 61 -62 63 -64 65 -66 67 -68 69 -70 71 -72 73 -74 75 -76 77 -78 79 -80 81 -82 83 -84 85 -86 87 -88 89 -90 91 -92 93 -94 95 -96 97 -98 99 7310 -99 98 -97 96 -95 94 -93 92 -91 90 -89 88 -87 86 -85 84 -83 82 -81 80 -79 78 -77 76 -75 74 -73 72 -71 70 -69 68 -67 66 -65 64 -63 62 -61 60
40 -41 42 -43 44 -45 46 -47 48 -49 50 -51 52 -53 54 -55 56 -57 58 -59 60 -61 62 -63 64 -65 66 -67 68 -69 70 -71 72 -73 74 -75 76 -77 78 -79 80 -81 82 -83 84 -85 86 -87 88 -89 90 -91 92 -93 94 -95 96 -97 98 -99 7290 99 -98 97 -96 95 -94 93 -92 91 -90 89 -88 87 -86 85 -84 83 -82 81 -80 79 -78 77 -76 75 -74 73 -72 71 -70 69 -68 67 -66 65 -64 63 -62 61
39 -40 41 -42 43 -44 45 -46 47 -48 49 -50 51 -52 53 -54 55 -56 57 -58 59 -60 61 -62 63 -64 65 -66 67 -68 69 -70 71 -72 73 -74 75 -76 77 -78 79 -80 81 -82 83 -84 85 -86 87 -88 89 -90 91 -92 93 -94 95 -96 97 -98 99 7268 -99 98 -97 96 -95 94 -93 92 -91 90 -89 88 -87 86 -85 84 -83 82 -81 80 -79 78 -77 76 -75 74 -73 72 -71 70 -69 68 -67 66 -65 64 -63 62
38 -39 40 -41 42 -43 44 -45 46 -47 48 -49 50 -51 52 -53 54 -55 56 -57 58 -59 60 -61 62 -63 64 -65 66 -67 68 -69 70 -71 72 -73 74 -75 76 -77 78 -79 80 -81 82 -83 84 -85 86 -87 88 -89 90 -91 92 -93 94 -95 96 -97 98 -99 7244 99 -98 97 -96 95 -94 93 -92 91 -90 89 -88 87 -86 85 -84 83 -82 81 -80 79 -78 77 -76 75 -74 73 -72 71 -70 69 -68 67 -66 65 -64 63
37 -38 39 -40 41 -42 43 -44 45 -46 47 -48 49 -50 51 -52 53 -54 55 -56 57 -58 59 -60 61 -62 63 -64 65 -66 67 -68 69 -70 71 -72 73 -74 75 -76 77 -78 79 -80 81 -82 83 -84 85 -86 87 -88 89 -90 91 -92 93 -94 95 -96 97 -98 99 7218 -99 98 -97 96 -95 94 -93 92 -91 90 -89 88 -87 86 -85 84 -83 82 -81 80 -79 78 -77 76 -75 74 -73 72 -71 70 -69 68 -67 66 -65 64
36 -37 38 -39 40 -41 42 -43 44 -45 46 -47 48 -49 50 -51 52 -53 54 -55 56 -57 58 -59 60 -61 62 -63 64 -65 66 -67 68 -69 70 -71 72 -73 74 -75 76 -77 78 -79 80 -81 82 -83 84 -85 86 -87 88 -89 90 -91 92 -93 94 -95 96 -97 98 -99 7190 99 -98 97 -96 95 -94 93 -92 91 -90 89 -88 87 -86 85 -84 83 -82 81 -80 79 -78 77 -76 75 -74 73 -72 71 -70 69 -68 67 -66 65
35 -36 37 -38 39 -40 41 -42 43 -44 45 -46 47 -48 49 -50 51 -52 53 -54 55 -56 57 -58 59 -60 61 -62 63 -64 65 -66 67 -68 69 -70 71 -72 73 -74 75 -76 77 -78 79 -80 81 -82 83 -84 85 -86 87 -88 89 -90 91 -92 93 -94 95 -96 97 -98 99 7160 -99 98 -97 96 -95 94 -93 92 -91 90 -89 88 -87 86 -85 84 -83 82 -81 80 -79 78 -77 76 -75 74 -73 72 -71 70 -69 68 -67 66
34 -35 36 -37 38 -39 40 -41 42 -43 44 -45 46 -47 48 -49 50 -51 52 -53 54 -55 56 -57 58 -59 60 -61 62 -63 64 -65 66 -67 68 -69 70 -71 72 -73 74 -75 76 -77 78 -79 80 -81 82 -83 84 -85 86 -87 88 -89 90 -91 92 -93 94 -95 96 -97 98 -99 7128 99 -98 97 -96 95 -94 93 -92 91 -90 89 -88 87 -86 85 -84 83 -82 81 -80 79 -78 77 -76 75 -74 73 -72 71 -70 69 -68 67
33 -34 35 -36 37 -38 39 -40 41 -42 43 -44 45 -46 47 -48 49 -50 51 -52 53 -54 55 -56 57 -58 59 -60 61 -62 63 -64 65 -66 67 -68 69 -70 71 -72 73 -74 75 -76 77 -78 79 -80 81 -82 83 -84 85 -86 87 -88 89 -90 91 -92 93 -94 95 -96 97 -98 99 7094 -99 98 -97 96 -95 94 -93 92 -91 90 -89 88 -87 86 -85 84 -83 82 -81 80 -79 78 -77 76 -75 74 -73 72 -71 70 -69 68
32 -33 34 -35 36 -37 38 -39 40 -41 42 -43 44 -45 46 -47 48 -49 50 -51 52 -53 54 -55 56 -57 58 -59 60 -61 62 -63 64 -65 66 -67 68 -69 70 -71 72 -73 74 -75 76 -77 78 -79 80 -81 82 -83 84 -85 86 -87 88 -89 90 -91 92 -93 94 -95 96 -97 98 -99 7058 99 -98 97 -96 95 -94 93 -92 91 -90 89 -88 87 -86 85 -84 83 -82 81 -80 79 -78 77 -76 75 -74 73 -72 71 -70 69
31 -32 33 -34 35 -36 37 -38 39 -40 41 -42 43 -44 45 -46 47 -48 49 -50 51 -52 53 -54 55 -56 57 -58 59 -60 61 -62 63 -64 65 -66 67 -68 69 -70 71 -72 73 -74 75 -76 77 -78 79 -80 81 -82 83 -84 85 -86 87 -88 89 -90 91 -92 93 -94 95 -96 97 -98 99 7020 -99 98 -97 96 -95 94 -93 92 -91 90 -89 88 -87 86 -85 84 -83 82 -81 80 -79 78 -77 76 -75 74 -73 72 -71 70
30 -31 32 -33 34 -35 36 -37 38 -39 40 -41 42 -43 44 -45 46 -47 48 -49 50 -51 52 -53 54 -55 56 -57 58 -59 60 -61 62 -63 64 -65 66 -67 68 -69 70 -71 72 -73 74 -75 76 -77 78 -79 80 -81 82 -83 84 -85 86 -87 88 -89 90 -91 92 -93 94 -95 96 -97 98 -99 6980 99 -98 97 -96 95 -94 93 -92 91 -90 89 -88 87 -86 85 -84 83 -82 81 -80 79 -78 77 -76 75 -74 73 -72 71
29 -30 31 -32 33 -34 35 -36 37 -38 39 -40 41 -42 43 -44 45 -46 47 -48 49 -50 51 -52 53 -54 55 -56 57 -58 59 -60 61 -62 63 -64 65 -66 67 -68 69 -70 71 -72 73 -74 75 -76 77 -78 79 -80 81 -82 83 -84 85 -86 87 -88 89 -90 91 -92 93 -94 95 -96 97 -98 99 6938 -99 98 -97 96 -95 94 -93 92 -91 90 -89 88 -87 86 -85 84 -83 82 -81 80 -79 78 -77 76 -75 74 -73 72
28 -29 30 -31 32 -33 34 -35 36 -37 38 -39 40 -41 42 -43 44 -45 46 -47 48 -49 50 -51 52 -53 54 -55 56 -57 58 -59 60 -61 62 -63 64 -65 66 -67 68 -69 70 -71 72 -73 74 -75 76 -77 78 -79 80 -81 82 -83 84 -85 86 -87 88 -89 90 -91 92 -93 94 -95 96 -97 98 -99 6894 99 -98 97 -96 95 -94 93 -92 91 -90 89 -88 87 -86 85 -84 83 -82 81 -80 79 -78 77 -76 75 -74 73
27 -28 29 -30 31 -32 33 -34 35 -36 37 -38 39 -40 41 -42 43 -44 45 -46 47 -48 49 -50 51 -52 53 -54 55 -56 57 -58 59 -60 61 -62 63 -64 65 -66 67 -68 69 -70 71 -72 73 -74 75 -76 77 -78 79 -80 81 -82 83 -84 85 -86 87 -88 89 -90 91 -92 93 -94 95 -96 97 -98 99 6848 -99 98 -97 96 -95 94 -93 92 -91 90 -89 88 -87 86 -85 84 -83 82 -81 80 -79 78 -77 76 -75 74
26 -27 28 -29 30 -31 32 -33 34 -35 36 -37 38 -39 40 -41 42 -43 44 -45 46 -47 48 -49 50 -51 52 -53 54 -55 56 -57 58 -59 60 -61 62 -63 64 -65 66 -67 68 -69 70 -71 72 -73 74 -75 76 -77 78 -79 80 -81 82 -83 84 -85 86 -87 88 -89 90 -91 92 -93 94 -95 96 -97 98 -99 6800 99 -98 97 -96 95 -94 93 -92 91 -90 89 -88 87 -86 85 -84 83 -82 81 -80 79 -78 77 -76 75
25 -26 27 -28 29 -30 31 -32 33 -34 35 -36 37 -38 39 -40 41 -42 43 -44 45 -46 47 -48 49 -50 51 -52 53 -54 55 -56 57 -58 59 -60 61 -62 63 -64 65 -66 67 -68 69 -70 71 -72 73 -74 75 -76 77 -78 79 -80 81 -82 83 -84 85 -86 87 -88 89 -90 91 -92 93 -94 95 -96 97 -98 99 6750 -99 98 -97 96 -95 94 -93 92 -91 90 -89 88 -87 86 -85 84 -83 82 -81 80 -79 78 -77 76
24 -25 26 -27 28 -29 30 -31 32 -33 34 -35 36 -37 38 -39 40 -41 42 -43 44 -45 46 -47 48 -49 50 -51 52 -53 54 -55 56 -57 58 -59 60 -61 62 -63 64 -65 66 -67 68 -69 70 -71 72 -73 74 -75 76 -77 78 -79 80 -81 82 -83 84 -85 86 -87 88 -89 90 -91 92 -93 94 -95 96 -97 98 -99 6698 99 -98 97 -96 95 -94 93 -92 91 -90 89 -88 87 -86 85 -84 83 -82 81 -80 79 -78 77
23 -24 25 -26 27 -28 29 -30 31 -32 33 -34 35 -36 37 -38 39 -40 41 -42 43 -44 45 -46 47 -48 49 -50 51 -52 53 -54 55 -56 57 -58 59 -60 61 -62 63 -64 65 -66 67 -68 69 -70 71 -72 73 -74 75 -76 77 -78 79 -80 81 -82 83 -84 85 -86 87 -88 89 -90 91 -92 93 -94 95 -96 97 -98 99 6644 -99 98 -97 96 -95 94 -93 92 -91 90 -89 88 -87 86 -85 84 -83 82 -81 80 -79 78
22 -23 24 -25 26 -27 28 -29 30 -31 32 -33 34 -35 36 -37 38 -39 40 -41 42 -43 44 -45 46 -47 48 -49 50 -51 52 -53 54 -55 56 -57 58 -59 60 -61 62 -63 64 -65 66 -67 68 -69 70 -71 72 -73 74 -75 76 -77 78 -79 80 -81 82 -83 84 -85 86 -87 88 -89 90 -91 92 -93 94 -95 96 -97 98 -99 6588 99 -98 97 -96 95 -94 93 -92 91 -90 89 -88 87 -86 85 -84 83 -82 81 -80 79
21 -22 23 -24 25 -26 27 -28 29 -30 31 -32 33 -34 35 -36 37 -38 39 -40 41 -42 43 -44 45 -46 47 -48 49 -50 51 -52 53 -54 55 -56 57 -58 59 -60 61 -62 63 -64 65 -66 67 -68 69 -70 71 -72 73 -74 75 -76 77 -78 79 -80 81 -82 83 -84 85 -86 87 -88 89 -90 91 -92 93 -94 95 -96 97 -98 99 6530 -99 98 -97 96 -95 94 -93 92 -91 90 -89 88 -87 86 -85 84 -83 82 -81 80
20 -21 22 -23 24 -25 26 -27 28 -29 30 -31 32 -33 34 -35 36 -37 38 -39 40 -41 42 -43 44 -45 46 -47 48 -49 50 -51 52 -53 54 -55 56 -57 58 -59 60 -61 62 -63 64 -65 66 -67 68 -69 70 -71 72 -73 74 -75 76 -77 78 -79 80 -81 82 -83 84 -85 86 -87 88 -89 90 -91 92 -93 94 -95 96 -97 98 -99 6470 99 -98 97 -96 95 -94 93 -92 91 -90 89 -88 87 -86 85 -84 83 -82 81
19 -20 21 -22 23 -24 25 -26 27 -28 29 -30 31 -32 33 -34 35 -36 37 -38 39 -40 41 -42 43 -44 45 -46 47 -48 49 -50 51 -52 53 -54 55 -56 57 -58 59 -60 61 -62 63 -64 65 -66 67 -68 69 -70 71 -72 73 -74 75 -76 77 -78 79 -80 81 -82 83 -84 85 -86 87 -88 89 -90 91 -92 93 -94 95 -96 97 -98 99 6408 -99 98 -97 96 -95 94 -93 92 -91 90 -89 88 -87 86 -85 84 -83 82
18 -19 20 -21 22 -23 24 -25 26 -27 28 -29 30 -31 32 -33 34 -35 36 -37 38 -39 40 -41 42 -43 44 -45 46 -47 48 -49 50 -51 52 -53 54 -55 56 -57 58 -59 60 -61 62 -63 64 -65 66 -67 68 -69 70 -71 72 -73 74 -75 76 -77 78 -79 80 -81 82 -83 84 -85 86 -87 88 -89 90 -91 92 -93 94 -95 96 -97 98 -99 6344 99 -98 97 -96 95 -94 93 -92 91 -90 89 -88 87 -86 85 -84 83
17 -18 19 -20 21 -22 23 -24 25 -26 27 -28 29 -30 31 -32 33 -34 35 -36 37 -38 39 -40 41 -42 43 -44 45 -46 47 -48 49 -50 51 -52 53 -54 55 -56 57 -58 59 -60 61 -62 63 -64 65 -66 67 -68 69 -70 71 -72 73 -74 75 -76 77 -78 79 -80 81 -82 83 -84 85 -86 87 -88 89 -90 91 -92 93 -94 95 -96 97 -98 99 6278 -99 98 -97 96 -95 94 -93 92 -91 90 -89 88 -87 86 -85 84
16 -17 18 -19 20 -21 22 -23 24 -25 26 -27 28 -29 30 -31 32 -33 34 -35 36 -37 38 -39 40 -41 42 -43 44 -45 46 -47 48 -49 50 -51 52 -53 54 -55 56 -57 58 -59 60 -61 62 -63 64 -65 66 -67 68 -69 70 -71 72 -73 74 -75 76 -77 78 -79 80 -81 82 -83 84 -85 86 -87 88 -89 90 -91 92 -93 94 -95 96 -97 98 -99 6210 99 -98 97 -96 95 -94 93 -92 91 -90 89 -88 87 -86 85
15 -16 17 -18 19 -20 21 -22 23 -24 25 -26 27 -28 29 -30 31 -32 33 -34 35 -36 37 -38 39 -40 41 -42 43 -44 45 -46 47 -48 49 -50 51 -52 53 -54 55 -56 57 -58 59 -60 61 -62 63 -64 65 -66 67 -68 69 -70 71 -72 73 -74 75 -76 77 -78 79 -80 81 -82 83 -84 85 -86 87 -88 89 -90 91 -92 93 -94 95 -96 97 -98 99 6140 -99 98 -97 96 -95 94 -93 92 -91 90 -89 88 -87 86
14 -15 16 -17 18 -19 20 -21 22 -23 24 -25 26 -27 28 -29 30 -31 32 -33 34 -35 36 -37 38 -39 40 -41 42 -43 44 -45 46 -47 48 -49 50 -51 52 -53 54 -55 56 -57 58 -59 60 -61 62 -63 64 -65 66 -67 68 -69 70 -71 72 -73 74 -75 76 -77 78 -79 80 -81 82 -83 84 -85 86 -87 88 -89 90 -91 92 -93 94 -95 96 -97 98 -99 6068 99 -98 97 -96 95 -94 93 -92 91 -90 89 -88 87
13 -14 15 -16 17 -18 19 -20 21 -22 23 -24 25 -26 27 -28 29 -30 31 -32 33 -34 35 -36 37 -38 39 -40 41 -42 43 -44 45 -46 47 -48 49 -50 51 -52 53 -54 55 -56 57 -58 59 -60 61 -62 63 -64 65 -66 67 -68 69 -70 71 -72 73 -74 75 -76 77 -78 79 -80 81 -82 83 -84 85 -86 87 -88 89 -90 91 -92 93 -94 95 -96 97 -98 99 5994 -99 98 -97 96 -95 94 -93 92 -91 90 -89 88
12 -13 14 -15 16 -17 18 -19 20 -21 22 -23 24 -25 26 -27 28 -29 30 -31 32 -33 34 -35 36 -37 38 -39 40 -41 42 -43 44 -45 46 -47 48 -49 50 -51 52 -53 54 -55 56 -57 58 -59 60 -61 62 -63 64 -65 66 -67 68 -69 70 -71 72 -73 74 -75 76 -77 78 -79 80 -81 82 -83 84 -85 86 -87 88 -89 90 -91 92 -93 94 -95 96 -97 98 -99 5918 99 -98 97 -96 95 -94 93 -92 91 -90 89
11 -12 13 -14 15 -16 17 -18 19 -20 21 -22 23 -24 25 -26 27 -28 29 -30 31 -32 33 -34 35 -36 37 -38 39 -40 41 -42 43 -44 45 -46 47 -48 49 -50 51 -52 53 -54 55 -56 57 -58 59 -60 61 -62 63 -64 65 -66 67 -68 69 -70 71 -72 73 -74 75 -76 77 -78 79 -80 81 -82 83 -84 85 -86 87 -88 89 -90 91 -92 93 -94 95 -96 97 -98 99 5840 -99 98 -97 96 -95 94 -93 92 -91 90
10 -11 12 -13 14 -15 16 -17 18 -19 20 -21 22 -23 24 -25 26 -27 28 -29 30 -31 32 -33 34 -35 36 -37 38 -39 40 -41 42 -43 44 -45 46 -47 48 -49 50 -51 52 -53 54 -55 56 -57 58 -59 60 -61 62 -63 64 -65 66 -67 68 -69 70 -71 72 -73 74 -75 76 -77 78 -79 80 -81 82 -83 84 -85 86 -87 88 -89 90 -91 92 -93 94 -95 96 -97 98 -99 5760 99 -98 97 -96 95 -94 93 -92 91
9 -10 11 -12 13 -14 15 -16 17 -18 19 -20 21 -22 23 -24 25 -26 27 -28 29 -30 31 -32 33 -34 35 -36 37 -38 39 -40 41 -42 43 -44 45 -46 47 -48 49 -50 51 -52 53 -54 55 -56 57 -58 59 -60 61 -62 63 -64 65 -66 67 -68 69 -70 71 -72 73 -74 75 -76 77 -78 79 -80 81 -82 83 -84 85 -86 87 -88 89 -90 91 -92 93 -94 95 -96 97 -98 99 5678 -99 98 -97 96 -95 94 -93 92
8 -9 10 -11 12 -13 14 -15 16 -17 18 -19 20 -21 22 -23 24 -25 26 -27 28 -29 30 -31 32 -33 34 -35 36 -37 38 -39 40 -41 42 -43 44 -45 46 -47 48 -49 50 -51 52 -53 54 -55 56 -57 58 -59 60 -61 62 -63 64 -65 66 -67 68 -69 70 -71 72 -73 74 -75 76 -77 78 -79 80 -81 82 -83 84 -85 86 -87 88 -89 90 -91 92 -93 94 -95 96 -97 98 -99 5594 99 -98 97 -96 95 -94 93
7 -8 9 -10 11 -12 13 -14 15 -16 17 -18 19 -20 21 -22 23 -24 25 -26 27 -28 29 -30 31 -32 33 -34 35 -36 37 -38 39 -40 41 -42 43 -44 45 -46 47 -48 49 -50 51 -52 53 -54 55 -56 57 -58 59 -60 61 -62 63 -64 65 -66 67 -68 69 -70 71 -72 73 -74 75 -76 77 -78 79 -80 81 -82 83 -84 85 -86 87 -88 89 -90 91 -92 93 -94 95 -96 97 -98 99 5508 -99 98 -97 96 -95 94
6 -7 8 -9 10 -11 12 -13 14 -15 16 -17 18 -19 20 -21 22 -23 24 -25 26 -27 28 -29 30 -31 32 -33 34 -35 36 -37 38 -39 40 -41 42 -43 44 -45 46 -47 48 -49 50 -51 52 -53 54 -55 56 -57 58 -59 60 -61 62 -63 64 -65 66 -67 68 -69 70 -71 72 -73 74 -75 76 -77 78 -79 80 -81 82 -83 84 -85 86 -87 88 -89 90 -91 92 -93 94 -95 96 -97 98 -99 5420 99 -98 97 -96 95
5 -6 7 -8 9 -10 11 -12 13 -14 15 -16 17 -18 19 -20 21 -22 23 -24 25 -26 27 -28 29 -30 31 -32 33 -34 35 -36 37 -38 39 -40 41 -42 43 -44 45 -46 47 -48 49 -50 51 -52 53 -54 55 -56 57 -58 59 -60 61 -62 63 -64 65 -66 67 -68 69 -70 71 -72 73 -74 75 -76 77 -78 79 -80 81 -82 83 -84 85 -86 87 -88 89 -90 91 -92 93 -94 95 -96 97 -98 99 5330 -99 98 -97 96
4 -5 6 -7 8 -9 10 -11 12 -13 14 -15 16 -17 18 -19 20 -21 22 -23 24 -25 26 -27 28 -29 30 -31 32 -33 34 -35 36 -37 38 -39 40 -41 42 -43 44 -45 46 -47 48 -49 50 -51 52 -53 54 -55 56 -57 58 -59 60 -61 62 -63 64 -65 66 -67 68 -69 70 -71 72 -73 74 -75 76 -77 78 -79 80 -81 82 -83 84 -85 86 -87 88 -89 90 -91 92 -93 94 -95 96 -97 98 -99 5238 99 -98 97
3 -4 5 -6 7 -8 9 -10 11 -12 13 -14 15 -16 17 -18 19 -20 21 -22 23 -24 25 -26 27 -28 29 -30 31 -32 33 -34 35 -36 37 -38 39 -40 41 -42 43 -44 45 -46 47 -48 49 -50 51 -52 53 -54 55 -56 57 -58 59 -60 61 -62 63 -64 65 -66 67 -68 69 -70 71 -72 73 -74 75 -76 77 -78 79 -80 81 -82 83 -84 85 -86 87 -88 89 -90 91 -92 93 -94 95 -96 97 -98 99 5144 -99 98
2 -3 4 -5 6 -7 8 -9 10 -11 12 -13 14 -15 16 -17 18 -19 20 -21 22 -23 24 -25 26 -27 28 -29 30 -31 32 -33 34 -35 36 -37 38 -39 40 -41 42 -43 44 -45 46 -47 48 -49 50 -51 52 -53 54 -55 56 -57 58 -59 60 -61 62 -63 64 -65 66 -67 68 -69 70 -71 72 -73 74 -75 76 -77 78 -79 80 -81 82 -83 84 -85 86 -87 88 -89 90 -91 92 -93 94 -95 96 -97 98 -99 5048 99
1 -2 3 -4 5 -6 7 -8 9 -10 11 -12 13 -14 15 -16 17 -18 19 -20 21 -22 23 -24 25 -26 27 -28 29 -30 31 -32 33 -34 35 -36 37 -38 39 -40 41 -42 43 -44 45 -46 47 -48 49 -50 51 -52 53 -54 55 -56 57 -58 59 -60 61 -62 63 -64 65 -66 67 -68 69 -70 71 -72 73 -74 75 -76 77 -78 79 -80 81 -82 83 -84 85 -86 87 -88 89 -90 91 -92 93 -94 95 -96 97 -98 99 4951
505.0
1014.6
1563.2
2110.2
2695.0
3277.0
3895.6
4510.2
5160.2
5805.0
6484.0
7156.6
7862.2
8560.2
9290.0
10011.0
10762.6
11504.2
12275.2
13035.0
13823.0
14598.6
15401.2
16190.2
17005.0
17805.0
18629.6
19438.2
20270.2
21085.0
21922.0
22740.6
23580.2
24400.2
25240.0
26059.0
26896.6
27712.2
28545.2
29355.0
30181.0
30982.6
31799.2
32590.2
33395.0
34173.0
34963.6
35726.2
36500.2
37245.0
38000.0
38724.6
39458.2
40160.2
40870.0
41547.0
42230.6
42880.2
43535.2
44155.0
44779.0
45366.6
45957.2
46510.2
47065.0
47581.0
48097.6
48574.2
49050.2
49485.0
49918.0
50308.6
50696.2
51040.2
51380.0
51675.0
51964.6
52208.2
52445.2
52635.0
52817.0
52950.6
53075.2
53150.2
53215.0
53229.0
53231.6
53182.2
53120.2
53005.0
52876.0
52692.6
52494.2
52240.2
51970.0
51643.0
51298.6
50896.2
50475.2
50005.0
