x	y
475 0.00654
476 0.0125872
477 0.0182793
478 0.0232611
479 0.0271777
480 0.0296739
481 0.0303947
482 0.0289848
483 0.0250893
484 0.0183529
485 0.00842075
486 -0.00506241
487 -0.0224516
488 -0.044102
489 -0.0703687
490 -0.101607
491 -0.138171
492 -0.180417
493 -0.2287
494 -0.283374
495 -0.344796
496 -0.413319
497 -0.489299
498 -0.573091
499 -0.665051
500 0.005077
501 -0.00779778
502 -0.0206324
503 -0.0319072
504 -0.0401025
505 -0.0436984
506 -0.0411754
507 -0.0310137
508 -0.0116937
509 0.0183045
510 0.0605005
511 0.116414
512 0.187565
513 0.275472
514 0.381657
515 0.507637
516 0.654934
517 0.825067
518 1.01955
519 1.23992
520 1.48768
521 1.76435
522 2.07146
523 2.41052
524 2.78305
525 -0.1074
526 -0.0733387
527 -0.0232581
528 0.0540082
529 0.169627
530 0.334765
531 0.560588
532 0.858264
533 1.23896
534 1.71384
535 2.29407
536 2.99082
537 3.81526
538 4.77855
539 5.89186
540 7.16635
541 8.6132
542 10.2436
543 12.0686
544 14.0995
545 16.3474
546 18.8235
547 21.539
548 24.505
549 27.7326
550 7
551 7.76907
552 8.6537
553 9.71808
554 11.0264
555 12.6428
556 14.6315
557 17.0566
558 19.9825
559 23.4731
560 27.5928
561 32.4056
562 37.9759
563 44.3677
564 51.6452
565 59.8727
566 69.1143
567 79.4341
568 90.8964
569 103.565
570 117.505
571 132.78
572 149.454
573 167.591
574 187.256
575 69.23
576 74.7412
577 80.5223
578 86.5242
579 92.698
580 98.9947
581 105.365
582 111.761
583 118.133
584 124.431
585 130.608
586 136.614
587 142.399
588 147.916
589 153.115
590 157.948
591 162.364
592 166.316
593 169.754
594 172.629
595 174.893
596 176.496
597 177.389
598 177.524
599 176.851
600 281.6
601 292.389
602 303.002
603 313.152
604 322.548
605 330.9
606 337.92
607 343.318
608 346.805
609 348.09
610 346.884
611 342.899
612 335.843
613 325.429
614 311.366
615 293.366
616 271.137
617 244.392
618 212.84
619 176.193
620 134.159
621 86.4514
622 32.779
623 -27.1474
624 -93.6171
625 461.3
626 459.381
627 456.704
628 453.602
629 450.411
630 447.462
631 445.09
632 443.628
633 443.41
634 444.77
635 448.041
636 453.556
637 461.65
638 472.656
639 486.908
640 504.739
641 526.483
642 552.474
643 583.044
644 618.529
645 659.261
646 705.573
647 757.801
648 816.276
649 881.334
650 229.3
651 218.111
652 207.226
653 196.648
654 186.382
655 176.432
656 166.804
657 157.501
658 148.528
659 139.889
660 131.589
661 123.633
662 116.024
663 108.768
664 101.868
665 95.3294
666 89.1565
667 83.3536
668 77.9254
669 72.8762
670 68.2105
671 63.9328
672 60.0475
673 56.5591
674 53.4721
675 41.1
676 37.6051
677 34.3443
678 31.2343
679 28.1921
680 25.1344
681 21.9781
682 18.6399
683 15.0368
684 11.0854
685 6.70258
686 1.80523
687 -3.68988
688 -9.86593
689 -16.8061
690 -24.5936
691 -33.3116
692 -43.0432
693 -53.8717
694 -65.8803
695 -79.1521
696 -93.7703
697 -109.818
698 -127.379
699 -146.535
700 13.15
701 13.0968
702 13.0258
703 12.9486
704 12.8768
705 12.8219
706 12.7955
707 12.8092
708 12.8745
709 13.0031
710 13.2064
711 13.496
712 13.8836
713 14.3806
714 14.9987
715 15.7494
716 16.6442
717 17.6948
718 18.9128
719 20.3095
720 21.8968
721 23.686
722 25.6889
723 27.9168
724 30.3815
725 7.992
726 7.82937
727 7.68125
728 7.54326
729 7.41106
730 7.28028
731 7.14656
732 7.00554
733 6.85285
734 6.68414
735 6.49505
736 6.28121
737 6.03826
738 5.76184
739 5.4476
740 5.09116
741 4.68818
742 4.23428
743 3.72511
744 3.1563
745 2.5235
746 1.82234
747 1.04847
748 0.197513
749 -0.73488
750 7.711
751 7.78446
752 7.85845
753 7.93279
754 8.00734
755 8.08191
756 8.15634
757 8.23046
758 8.30412
759 8.37713
760 8.44935
761 8.52059
762 8.59069
763 8.65949
764 8.72682
765 8.79251
766 8.8564
767 8.91832
768 8.97811
769 9.03559
770 9.0906
771 9.14298
772 9.19256
773 9.23917
774 9.28264
775 9.684
