time V1 V2 V3 I
0 0 0 0 0
0.01 0.666556 0.66324 1.65806e-05 0.00331612
0.02 0.932822 0.922253 9.25689e-05 0.0105692
0.03 1.01216 0.99256 0.000248581 0.0196023
0.04 1.022 0.992768 0.000495441 0.0292285
0.05 1.01361 0.974678 0.000837258 0.0389295
0.06 1.00455 0.956017 0.00127472 0.0485281
0.07 0.998595 0.940609 0.00180711 0.0579864
0.08 0.995275 0.927966 0.00243331 0.0673093
0.09 0.99344 0.916932 0.0031521 0.0765088
0.1 0.992274 0.90668 0.00396232 0.0855935
0.11 0.991348 0.89678 0.00486284 0.0945678
0.12 0.990486 0.887053 0.00585258 0.103434
0.13 0.989632 0.877439 0.00693044 0.112193
0.14 0.988774 0.86793 0.00809536 0.120844
0.15 0.987918 0.858528 0.00934626 0.12939
0.16 0.987066 0.849238 0.0106821 0.137828
0.17 0.986223 0.840062 0.0121018 0.146161
0.18 0.98539 0.831002 0.0136042 0.154388
0.19 0.984567 0.822057 0.0151885 0.162509
0.2 0.983754 0.813229 0.0168534 0.170526
0.21 0.982953 0.804516 0.0185979 0.178437
0.22 0.982162 0.795917 0.0204211 0.186244
0.23 0.981381 0.787433 0.0223218 0.193947
0.24 0.98061 0.779064 0.024299 0.201547
0.25 0.97985 0.770807 0.0263517 0.209043
0.26 0.979101 0.762664 0.0284788 0.216436
0.27 0.978361 0.754634 0.0306794 0.223727
0.28 0.977632 0.746716 0.0329523 0.230916
0.29 0.976913 0.738911 0.0352967 0.238003
0.3 0.976205 0.731216 0.0377114 0.244989
0.31 0.975506 0.723633 0.0401954 0.251873
0.32 0.974818 0.71616 0.0427478 0.258658
0.33 0.974139 0.708797 0.0453676 0.265342
0.34 0.973471 0.701544 0.0480537 0.271927
0.35 0.972812 0.6944 0.0508051 0.278412
0.36 0.972164 0.687365 0.0536209 0.284799
0.37 0.971525 0.680437 0.0565001 0.291088
0.38 0.970896 0.673618 0.0594417 0.297278
0.39 0.970277 0.666905 0.0624447 0.303372
0.4 0.969668 0.6603 0.0655082 0.309368
0.41 0.969068 0.6538 0.0686311 0.315268
0.42 0.968478 0.647406 0.0718126 0.321072
0.43 0.967898 0.641117 0.0750516 0.32678
0.44 0.967327 0.634933 0.0783472 0.332394
0.45 0.966765 0.628853 0.0816985 0.337912
0.46 0.966213 0.622876 0.0851045 0.343337
0.47 0.965671 0.617003 0.0885643 0.348668
0.48 0.965138 0.611231 0.092077 0.353906
0.49 0.964614 0.605562 0.0956415 0.359052
0.5 0.964099 0.599994 0.0992571 0.364105
0.51 0.963594 0.594527 0.102923 0.369067
0.52 0.963098 0.58916 0.106638 0.373938
0.53 0.962611 0.583893 0.110401 0.378718
0.54 0.962133 0.578724 0.114211 0.383408
0.55 0.961664 0.573655 0.118068 0.388009
0.56 0.961204 0.568683 0.12197 0.392521
0.57 0.960752 0.563809 0.125917 0.396944
0.58 0.96031 0.559031 0.129908 0.401279
0.59 0.959876 0.55435 0.133942 0.405527
0.6 0.959452 0.549764 0.138018 0.409688
0.61 0.959036 0.545273 0.142135 0.413762
0.62 0.958628 0.540877 0.146292 0.417751
0.63 0.958229 0.536575 0.150489 0.421654
0.64 0.957839 0.532366 0.154725 0.425473
0.65 0.957457 0.528249 0.158998 0.429208
0.66 0.957083 0.524225 0.163308 0.432859
0.67 0.956718 0.520292 0.167654 0.436427
0.68 0.956361 0.516449 0.172036 0.439912
0.69 0.956013 0.512697 0.176451 0.443316
0.7 0.955673 0.509035 0.180901 0.446638
0.71 0.95534 0.505462 0.185383 0.449879
0.72 0.955016 0.501976 0.189898 0.45304
0.73 0.9547 0.498579 0.194443 0.456121
0.74 0.954392 0.495269 0.199019 0.459123
0.75 0.954092 0.492045 0.203625 0.462046
0.76 0.953799 0.488907 0.20826 0.464892
0.77 0.953515 0.485855 0.212922 0.46766
0.78 0.953238 0.482887 0.217612 0.470351
0.79 0.952969 0.480003 0.222328 0.472966
0.8 0.952707 0.477202 0.227071 0.475505
0.81 0.952453 0.474484 0.231838 0.477969
0.82 0.952207 0.471848 0.236629 0.480359
0.83 0.951968 0.469294 0.241444 0.482674
0.84 0.951736 0.46682 0.246282 0.484916
0.85 0.951512 0.464426 0.251142 0.487086
0.86 0.951295 0.462112 0.256023 0.489183
0.87 0.951085 0.459877 0.260925 0.491208
0.88 0.950883 0.457721 0.265846 0.493162
0.89 0.950687 0.455641 0.270787 0.495046
0.9 0.950499 0.453639 0.275747 0.49686
0.91 0.950317 0.451713 0.280724 0.498604
0.92 0.950143 0.449863 0.285718 0.50028
0.93 0.949975 0.448087 0.290729 0.501888
0.94 0.949815 0.446387 0.295755 0.503428
0.95 0.949661 0.444759 0.300797 0.504901
0.96 0.949513 0.443205 0.305852 0.506308
0.97 0.949373 0.441724 0.310922 0.507649
0.98 0.949238 0.440314 0.316005 0.508924
0.99 0.949111 0.438975 0.3211 0.510136
1 0.94899 0.437707 0.326207 0.511283
1.01 0.948875 0.436509 0.331325 0.512366
1.02 0.948767 0.43538 0.336454 0.513387
1.03 0.948664 0.434319 0.341592 0.514345
1.04 0.948569 0.433327 0.34674 0.515242
1.05 0.948479 0.432401 0.351896 0.516078
1.06 0.948395 0.431543 0.357061 0.516853
1.07 0.948318 0.43075 0.362233 0.517568
1.08 0.948246 0.430023 0.367412 0.518224
1.09 0.948181 0.42936 0.372597 0.518821
1.1 0.948121 0.428761 0.377787 0.519359
1.11 0.948067 0.428226 0.382983 0.519841
1.12 0.948019 0.427754 0.388184 0.520265
1.13 0.947976 0.427344 0.393388 0.520633
1.14 0.94794 0.426995 0.398596 0.520945
1.15 0.947908 0.426707 0.403806 0.521201
1.16 0.947883 0.426479 0.409019 0.521403
1.17 0.947862 0.426311 0.414234 0.521551
1.18 0.947848 0.426202 0.41945 0.521645
1.19 0.947838 0.426151 0.424666 0.521687
1.2 0.947834 0.426158 0.429883 0.521676
1.21 0.947835 0.426222 0.435099 0.521613
1.22 0.947841 0.426343 0.440315 0.521499
1.23 0.947853 0.426519 0.445529 0.521334
1.24 0.947869 0.42675 0.450741 0.521119
1.25 0.947891 0.427036 0.45595 0.520855
1.26 0.947917 0.427376 0.461157 0.520541
1.27 0.947948 0.427769 0.466361 0.52018
1.28 0.947984 0.428214 0.47156 0.51977
1.29 0.948025 0.428712 0.476756 0.519313
1.3 0.948071 0.429261 0.481946 0.51881
1.31 0.948121 0.429861 0.487131 0.51826
1.32 0.948176 0.430511 0.492311 0.517665
1.33 0.948236 0.431211 0.497484 0.517025
1.34 0.9483 0.43196 0.502651 0.51634
1.35 0.948368 0.432757 0.507811 0.515611
1.36 0.948441 0.433602 0.512963 0.514839
1.37 0.948518 0.434494 0.518107 0.514025
1.38 0.9486 0.435432 0.523243 0.513168
1.39 0.948685 0.436416 0.52837 0.512269
1.4 0.948775 0.437446 0.533488 0.511329
1.41 0.948869 0.43852 0.538596 0.510349
1.42 0.948967 0.439639 0.543694 0.509328
1.43 0.949069 0.440801 0.548782 0.508268
1.44 0.949175 0.442006 0.553859 0.507169
1.45 0.949285 0.443253 0.558925 0.506032
1.46 0.949399 0.444543 0.56398 0.504856
1.47 0.949516 0.445873 0.569022 0.503643
1.48 0.949638 0.447244 0.574052 0.502394
1.49 0.949762 0.448655 0.57907 0.501108
1.5 0.949891 0.450105 0.584074 0.499786
1.51 0.950023 0.451594 0.589065 0.498429
1.52 0.950159 0.453122 0.594042 0.497037
1.53 0.950298 0.454687 0.599005 0.495611
1.54 0.950441 0.456289 0.603954 0.494151
1.55 0.950587 0.457928 0.608888 0.492658
1.56 0.950736 0.459603 0.613807 0.491133
1.57 0.950888 0.461314 0.61871 0.489575
1.58 0.951044 0.463059 0.623598 0.487985
1.59 0.951203 0.464839 0.62847 0.486364
1.6 0.951365 0.466652 0.633325 0.484713
1.61 0.95153 0.468499 0.638164 0.483031
1.62 0.951698 0.470378 0.642985 0.48132
1.63 0.951869 0.47229 0.64779 0.47958
1.64 0.952043 0.474233 0.652577 0.477811
1.65 0.95222 0.476207 0.657346 0.476013
1.66 0.9524 0.478212 0.662097 0.474188
1.67 0.952583 0.480246 0.666829 0.472336
1.68 0.952768 0.48231 0.671543 0.470457
1.69 0.952956 0.484404 0.676238 0.468552
1.7 0.953146 0.486525 0.680914 0.466621
1.71 0.953339 0.488674 0.68557 0.464665
1.72 0.953535 0.490851 0.690207 0.462684
1.73 0.953733 0.493055 0.694824 0.460678
1.74 0.953933 0.495285 0.69942 0.458649
1.75 0.954136 0.49754 0.703996 0.456596
1.76 0.954342 0.499822 0.708552 0.45452
1.77 0.954549 0.502127 0.713087 0.452422
1.78 0.954759 0.504458 0.7176 0.450301
1.79 0.954971 0.506812 0.722092 0.448159
1.8 0.955185 0.509189 0.726563 0.445996
1.81 0.955401 0.511589 0.731012 0.443812
1.82 0.95562 0.514012 0.735439 0.441608
1.83 0.95584 0.516456 0.739844 0.439384
1.84 0.956063 0.518922 0.744227 0.437141
1.85 0.956287 0.521408 0.748587 0.434878
1.86 0.956513 0.523915 0.752924 0.432598
1.87 0.956741 0.526442 0.757238 0.430299
1.88 0.956971 0.528989 0.76153 0.427982
1.89 0.957203 0.531554 0.765798 0.425648
1.9 0.957436 0.534138 0.770043 0.423298
1.91 0.957671 0.53674 0.774264 0.420931
1.92 0.957908 0.53936 0.778461 0.418548
1.93 0.958146 0.541997 0.782635 0.416149
1.94 0.958386 0.544651 0.786784 0.413735
1.95 0.958627 0.54732 0.790909 0.411307
1.96 0.95887 0.550006 0.79501 0.408864
1.97 0.959114 0.552707 0.799086 0.406407
1.98 0.95936 0.555423 0.803138 0.403937
1.99 0.959607 0.558154 0.807165 0.401453
2 0.959855 0.560898 0.811167 0.398957
2.01 0.960105 0.563657 0.815144 0.396448
2.02 0.960356 0.566428 0.819096 0.393928
2.03 0.960608 0.569213 0.823022 0.391395
2.04 0.960861 0.572009 0.826923 0.388852
2.05 0.961115 0.574818 0.830799 0.386297
2.06 0.961371 0.577638 0.834649 0.383732
2.07 0.961627 0.58047 0.838474 0.381158
2.08 0.961885 0.583312 0.842272 0.378573
2.09 0.962143 0.586165 0.846045 0.375979
2.1 0.962403 0.589027 0.849792 0.373376
2.11 0.962663 0.591899 0.853513 0.370764
2.12 0.962924 0.59478 0.857207 0.368144
2.13 0.963186 0.59767 0.860875 0.365516
2.14 0.963449 0.600569 0.864517 0.36288
2.15 0.963712 0.603475 0.868133 0.360237
2.16 0.963977 0.60639 0.871722 0.357587
2.17 0.964242 0.609311 0.875285 0.354931
2.18 0.964507 0.612239 0.87882 0.352268
2.19 0.964774 0.615174 0.88233 0.349599
2.2 0.96504 0.618115 0.885812 0.346925
2.21 0.965308 0.621062 0.889268 0.344246
2.22 0.965576 0.624014 0.892697 0.341561
2.23 0.965844 0.626972 0.896099 0.338872
2.24 0.966113 0.629934 0.899475 0.336179
2.25 0.966382 0.6329 0.902823 0.333482
2.26 0.966652 0.635871 0.906144 0.330781
2.27 0.966922 0.638845 0.909439 0.328077
2.28 0.967192 0.641823 0.912706 0.325369
2.29 0.967463 0.644804 0.915946 0.322659
2.3 0.967734 0.647787 0.919159 0.319947
2.31 0.968005 0.650773 0.922345 0.317232
2.32 0.968277 0.653761 0.925504 0.314516
2.33 0.968549 0.656751 0.928635 0.311798
2.34 0.96882 0.659742 0.93174 0.309078
2.35 0.969092 0.662734 0.934817 0.306358
2.36 0.969364 0.665727 0.937867 0.303637
2.37 0.969636 0.668721 0.940889 0.300916
2.38 0.969908 0.671715 0.943885 0.298194
2.39 0.970181 0.674708 0.946853 0.295472
2.4 0.970453 0.677702 0.949794 0.292751
2.41 0.970725 0.680694 0.952708 0.290031
2.42 0.970997 0.683686 0.955595 0.287311
2.43 0.971269 0.686676 0.958455 0.284593
2.44 0.971541 0.689665 0.961287 0.281876
2.45 0.971812 0.692652 0.964092 0.279161
2.46 0.972084 0.695636 0.96687 0.276447
2.47 0.972355 0.698619 0.969621 0.273736
2.48 0.972626 0.701599 0.972345 0.271028
2.49 0.972897 0.704576 0.975042 0.268322
2.5 0.973168 0.707549 0.977711 0.265618
2.51 0.973438 0.710519 0.980354 0.262919
2.52 0.973708 0.713486 0.98297 0.260222
2.53 0.973978 0.716449 0.985559 0.257529
2.54 0.974247 0.719407 0.98812 0.25484
2.55 0.974516 0.722361 0.990655 0.252155
2.56 0.974784 0.72531 0.993164 0.249474
2.57 0.975052 0.728254 0.995645 0.246798
2.58 0.97532 0.731193 0.9981 0.244127
2.59 0.975587 0.734127 1.00053 0.24146
2.6 0.975854 0.737055 1.00293 0.238799
2.61 0.97612 0.739977 1.0053 0.236143
2.62 0.976385 0.742893 1.00765 0.233493
2.63 0.97665 0.745802 1.00997 0.230848
2.64 0.976915 0.748705 1.01227 0.228209
2.65 0.977179 0.751602 1.01454 0.225577
2.66 0.977442 0.754491 1.01678 0.222951
2.67 0.977705 0.757373 1.019 0.220331
2.68 0.977967 0.760248 1.02119 0.217719
2.69 0.978228 0.763115 1.02335 0.215113
2.7 0.978488 0.765974 1.02549 0.212514
2.71 0.978748 0.768826 1.0276 0.209923
2.72 0.979007 0.771669 1.02969 0.207339
2.73 0.979266 0.774503 1.03175 0.204762
2.74 0.979523 0.777329 1.03378 0.202194
2.75 0.97978 0.780147 1.03579 0.199634
2.76 0.980036 0.782955 1.03778 0.197081
2.77 0.980291 0.785754 1.03973 0.194537
2.78 0.980546 0.788544 1.04167 0.192002
2.79 0.980799 0.791324 1.04357 0.189475
2.8 0.981052 0.794095 1.04546 0.186957
2.81 0.981304 0.796856 1.04731 0.184448
2.82 0.981555 0.799607 1.04915 0.181948
2.83 0.981805 0.802347 1.05095 0.179457
2.84 0.982054 0.805078 1.05273 0.176976
2.85 0.982302 0.807798 1.05449 0.174504
2.86 0.982549 0.810507 1.05622 0.172042
2.87 0.982795 0.813205 1.05793 0.16959
2.88 0.98304 0.815893 1.05962 0.167148
2.89 0.983285 0.818569 1.06128 0.164716
2.9 0.983528 0.821234 1.06291 0.162294
2.91 0.98377 0.823888 1.06452 0.159882
2.92 0.984011 0.82653 1.06611 0.157481
2.93 0.984251 0.82916 1.06767 0.155091
2.94 0.98449 0.831779 1.06921 0.152711
2.95 0.984728 0.834386 1.07073 0.150342
2.96 0.984965 0.836981 1.07222 0.147985
2.97 0.985201 0.839563 1.07369 0.145638
2.98 0.985436 0.842133 1.07513 0.143302
2.99 0.985669 0.844691 1.07655 0.140978
3 0.985902 0.847237 1.07795 0.138665
3.01 0.986133 0.849769 1.07933 0.136364
3.02 0.986363 0.852289 1.08068 0.134074
3.03 0.986592 0.854796 1.08201 0.131796
3.04 0.98682 0.85729 1.08331 0.12953
3.05 0.987046 0.859771 1.0846 0.127276
3.06 0.987272 0.862238 1.08586 0.125033
3.07 0.987496 0.864693 1.0871 0.122803
3.08 0.987719 0.867134 1.08832 0.120585
3.09 0.987941 0.869561 1.08951 0.11838
3.1 0.988161 0.871975 1.09068 0.116187
3.11 0.988381 0.874375 1.09183 0.114006
3.12 0.988599 0.876761 1.09296 0.111837
3.13 0.988816 0.879134 1.09407 0.109682
3.14 0.989031 0.881492 1.09516 0.107539
3.15 0.989245 0.883837 1.09622 0.105409
3.16 0.989459 0.886167 1.09727 0.103291
3.17 0.98967 0.888484 1.09829 0.101187
3.18 0.989881 0.890786 1.09929 0.0990951
3.19 0.99009 0.893073 1.10027 0.0970166
3.2 0.990298 0.895346 1.10123 0.0949512
3.21 0.990504 0.897605 1.10217 0.092899
3.22 0.990709 0.899849 1.10309 0.09086
3.23 0.990913 0.902079 1.10399 0.0888343
3.24 0.991116 0.904294 1.10486 0.0868219
3.25 0.991317 0.906494 1.10572 0.0848229
3.26 0.991517 0.90868 1.10656 0.0828374
3.27 0.991716 0.91085 1.10738 0.0808654
3.28 0.991913 0.913006 1.10818 0.0789069
3.29 0.992109 0.915147 1.10896 0.0769619
3.3 0.992303 0.917272 1.10972 0.0750307
3.31 0.992496 0.919383 1.11046 0.0731131
3.32 0.992688 0.921479 1.11118 0.0712092
3.33 0.992878 0.923559 1.11188 0.0693191
3.34 0.993067 0.925625 1.11257 0.0674427
3.35 0.993255 0.927675 1.11323 0.0655803
3.36 0.993441 0.92971 1.11388 0.0637316
3.37 0.993626 0.931729 1.11451 0.0618969
3.38 0.99381 0.933734 1.11512 0.0600761
3.39 0.993992 0.935722 1.11571 0.0582693
3.4 0.994172 0.937696 1.11628 0.0564764
3.41 0.994352 0.939654 1.11684 0.0546976
3.42 0.99453 0.941597 1.11738 0.0529327
3.43 0.994706 0.943524 1.1179 0.051182
3.44 0.994881 0.945436 1.1184 0.0494453
3.45 0.995055 0.947332 1.11889 0.0477227
3.46 0.995227 0.949213 1.11935 0.0460142
3.47 0.995398 0.951078 1.11981 0.0443199
3.48 0.995567 0.952928 1.12024 0.0426397
3.49 0.995735 0.954762 1.12066 0.0409736
3.5 0.995902 0.95658 1.12106 0.0393217
3.51 0.996067 0.958383 1.12145 0.037684
3.52 0.996231 0.96017 1.12181 0.0360605
3.53 0.996393 0.961942 1.12217 0.0344511
3.54 0.996554 0.963698 1.1225 0.032856
3.55 0.996714 0.965439 1.12282 0.031275
3.56 0.996872 0.967164 1.12313 0.0297082
3.57 0.997028 0.968873 1.12342 0.0281557
3.58 0.997184 0.970566 1.12369 0.0266173
3.59 0.997338 0.972244 1.12395 0.0250932
3.6 0.99749 0.973907 1.1242 0.0235832
3.61 0.997641 0.975554 1.12442 0.0220874
3.62 0.997791 0.977185 1.12464 0.0206058
3.63 0.997939 0.9788 1.12484 0.0191383
3.64 0.998085 0.9804 1.12502 0.0176851
3.65 0.998231 0.981985 1.12519 0.0162459
3.66 0.998375 0.983554 1.12534 0.0148209
3.67 0.998517 0.985107 1.12549 0.0134101
3.68 0.998658 0.986645 1.12561 0.0120134
3.69 0.998798 0.988167 1.12573 0.0106307
3.7 0.998936 0.989674 1.12583 0.00926215
3.71 0.999073 0.991165 1.12591 0.00790766
3.72 0.999209 0.992641 1.12598 0.00656721
3.73 0.999343 0.994102 1.12604 0.00524078
3.74 0.999475 0.995547 1.12609 0.00392835
3.75 0.999606 0.996977 1.12612 0.00262991
3.76 0.999736 0.998391 1.12614 0.00134542
3.77 0.999865 0.99979 1.12615 7.48632e-05
3.78 0.999992 1.00117 1.12614 -0.00118179
3.79 1.00012 1.00254 1.12613 -0.00242456
3.8 1.00024 1.0039 1.1261 -0.00365349
3.81 1.00036 1.00523 1.12605 -0.00486859
3.82 1.00049 1.00656 1.126 -0.00606991
3.83 1.00061 1.00786 1.12593 -0.00725746
3.84 1.00073 1.00916 1.12585 -0.00843129
3.85 1.00084 1.01043 1.12576 -0.00959143
3.86 1.00096 1.0117 1.12566 -0.0107379
3.87 1.00107 1.01294 1.12555 -0.0118708
3.88 1.00119 1.01418 1.12542 -0.01299
3.89 1.0013 1.01539 1.12529 -0.0140958
3.9 1.00141 1.0166 1.12514 -0.015188
3.91 1.00152 1.01778 1.12499 -0.0162667
3.92 1.00163 1.01896 1.12482 -0.017332
3.93 1.00173 1.02012 1.12464 -0.0183839
3.94 1.00184 1.02126 1.12445 -0.0194225
3.95 1.00194 1.02239 1.12425 -0.0204478
3.96 1.00204 1.0235 1.12404 -0.0214598
3.97 1.00215 1.0246 1.12382 -0.0224585
3.98 1.00225 1.02569 1.12359 -0.0234441
3.99 1.00234 1.02676 1.12335 -0.0244166
4 1.00244 1.02782 1.1231 -0.025376
4.01 1.00254 1.02886 1.12284 -0.0263224
4.02 1.00263 1.02989 1.12258 -0.0272558
4.03 1.00272 1.0309 1.1223 -0.0281762
4.04 1.00282 1.0319 1.12201 -0.0290838
4.05 1.00291 1.03289 1.12172 -0.0299786
4.06 1.003 1.03386 1.12141 -0.0308605
4.07 1.00309 1.03482 1.1211 -0.0317297
4.08 1.00317 1.03576 1.12078 -0.0325863
4.09 1.00326 1.03669 1.12045 -0.0334302
4.1 1.00334 1.0376 1.12011 -0.0342616
4.11 1.00343 1.03851 1.11976 -0.0350804
4.12 1.00351 1.03939 1.11941 -0.0358868
4.13 1.00359 1.04027 1.11905 -0.0366808
4.14 1.00367 1.04113 1.11868 -0.0374624
4.15 1.00375 1.04198 1.1183 -0.0382318
4.16 1.00382 1.04281 1.11791 -0.0389889
4.17 1.0039 1.04363 1.11752 -0.0397338
4.18 1.00397 1.04444 1.11712 -0.0404667
4.19 1.00405 1.04523 1.11671 -0.0411875
4.2 1.00412 1.04601 1.11629 -0.0418962
4.21 1.00419 1.04678 1.11587 -0.0425931
4.22 1.00426 1.04754 1.11544 -0.0432781
4.23 1.00433 1.04828 1.11501 -0.0439513
4.24 1.00439 1.04901 1.11456 -0.0446127
4.25 1.00446 1.04972 1.11411 -0.0452624
4.26 1.00453 1.05043 1.11366 -0.0459006
4.27 1.00459 1.05112 1.1132 -0.0465271
4.28 1.00465 1.05179 1.11273 -0.0471422
4.29 1.00471 1.05246 1.11225 -0.0477459
4.3 1.00477 1.05311 1.11177 -0.0483382
4.31 1.00483 1.05375 1.11129 -0.0489191
4.32 1.00489 1.05438 1.11079 -0.0494889
4.33 1.00495 1.055 1.1103 -0.0500475
4.34 1.005 1.0556 1.10979 -0.050595
4.35 1.00506 1.05619 1.10928 -0.0511314
4.36 1.00511 1.05677 1.10877 -0.0516569
4.37 1.00517 1.05734 1.10825 -0.0521715
4.38 1.00522 1.05789 1.10773 -0.0526753
4.39 1.00527 1.05844 1.1072 -0.0531683
4.4 1.00532 1.05897 1.10666 -0.0536506
4.41 1.00536 1.05949 1.10613 -0.0541223
4.42 1.00541 1.06 1.10558 -0.0545835
4.43 1.00546 1.06049 1.10503 -0.0550342
4.44 1.0055 1.06098 1.10448 -0.0554744
4.45 1.00555 1.06145 1.10392 -0.0559043
4.46 1.00559 1.06191 1.10336 -0.0563239
4.47 1.00563 1.06237 1.1028 -0.0567334
4.48 1.00567 1.06281 1.10223 -0.0571327
4.49 1.00571 1.06323 1.10166 -0.0575219
4.5 1.00575 1.06365 1.10108 -0.0579012
4.51 1.00579 1.06406 1.1005 -0.0582705
4.52 1.00583 1.06446 1.09991 -0.05863
4.53 1.00586 1.06484 1.09933 -0.0589797
4.54 1.0059 1.06522 1.09873 -0.0593197
4.55 1.00593 1.06558 1.09814 -0.0596501
4.56 1.00596 1.06594 1.09754 -0.0599709
4.57 1.006 1.06628 1.09694 -0.0602823
4.58 1.00603 1.06661 1.09634 -0.0605842
4.59 1.00606 1.06693 1.09573 -0.0608768
4.6 1.00609 1.06725 1.09512 -0.0611602
4.61 1.00612 1.06755 1.0945 -0.0614343
4.62 1.00614 1.06784 1.09389 -0.0616993
4.63 1.00617 1.06812 1.09327 -0.0619553
4.64 1.0062 1.0684 1.09265 -0.0622023
4.65 1.00622 1.06866 1.09203 -0.0624405
4.66 1.00624 1.06891 1.0914 -0.0626698
4.67 1.00627 1.06916 1.09077 -0.0628903
4.68 1.00629 1.06939 1.09014 -0.0631022
4.69 1.00631 1.06962 1.08951 -0.0633054
4.7 1.00633 1.06983 1.08888 -0.0635002
4.71 1.00635 1.07004 1.08824 -0.0636865
4.72 1.00637 1.07023 1.0876 -0.0638644
4.73 1.00639 1.07042 1.08696 -0.064034
4.74 1.0064 1.0706 1.08632 -0.0641953
4.75 1.00642 1.07077 1.08568 -0.0643486
4.76 1.00643 1.07093 1.08504 -0.0644937
4.77 1.00645 1.07108 1.08439 -0.0646308
4.78 1.00646 1.07122 1.08374 -0.06476
4.79 1.00648 1.07136 1.0831 -0.0648813
4.8 1.00649 1.07148 1.08245 -0.0649948
4.81 1.0065 1.0716 1.0818 -0.0651007
4.82 1.00651 1.07171 1.08114 -0.0651988
4.83 1.00652 1.07181 1.08049 -0.0652895
4.84 1.00653 1.0719 1.07984 -0.0653726
4.85 1.00654 1.07199 1.07918 -0.0654483
4.86 1.00654 1.07206 1.07853 -0.0655166
4.87 1.00655 1.07213 1.07787 -0.0655777
4.88 1.00656 1.07219 1.07722 -0.0656316
4.89 1.00656 1.07224 1.07656 -0.0656784
4.9 1.00657 1.07229 1.07591 -0.0657181
4.91 1.00657 1.07232 1.07525 -0.0657509
4.92 1.00657 1.07235 1.07459 -0.0657767
4.93 1.00658 1.07237 1.07393 -0.0657957
4.94 1.00658 1.07239 1.07327 -0.065808
4.95 1.00658 1.07239 1.07262 -0.0658135
4.96 1.00658 1.07239 1.07196 -0.0658125
4.97 1.00658 1.07239 1.0713 -0.0658049
4.98 1.00658 1.07237 1.07064 -0.0657908
4.99 1.00658 1.07235 1.06998 -0.0657704
5 1.00658 1.07232 1.06933 -0.0657436
5.01 1.00657 1.07228 1.06867 -0.0657106
5.02 1.00657 1.07224 1.06801 -0.0656714
5.03 1.00657 1.07219 1.06736 -0.0656261
5.04 1.00656 1.07214 1.0667 -0.0655747
5.05 1.00656 1.07207 1.06604 -0.0655174
5.06 1.00655 1.07201 1.06539 -0.0654542
5.07 1.00655 1.07193 1.06474 -0.0653852
5.08 1.00654 1.07185 1.06408 -0.0653104
5.09 1.00653 1.07176 1.06343 -0.0652299
5.1 1.00652 1.07167 1.06278 -0.0651438
5.11 1.00651 1.07157 1.06213 -0.0650522
5.12 1.0065 1.07146 1.06148 -0.0649551
5.13 1.0065 1.07135 1.06083 -0.0648526
5.14 1.00648 1.07123 1.06018 -0.0647448
5.15 1.00647 1.07111 1.05953 -0.0646317
5.16 1.00646 1.07098 1.05889 -0.0645134
5.17 1.00645 1.07084 1.05824 -0.0643899
5.18 1.00644 1.0707 1.0576 -0.0642615
5.19 1.00643 1.07055 1.05696 -0.064128
5.2 1.00641 1.0704 1.05632 -0.0639896
5.21 1.0064 1.07025 1.05568 -0.0638464
5.22 1.00638 1.07008 1.05504 -0.0636983
5.23 1.00637 1.06992 1.0544 -0.0635456
5.24 1.00635 1.06974 1.05377 -0.0633882
5.25 1.00634 1.06956 1.05314 -0.0632262
5.26 1.00632 1.06938 1.0525 -0.0630597
5.27 1.00631 1.06919 1.05187 -0.0628887
5.28 1.00629 1.069 1.05125 -0.0627133
5.29 1.00627 1.0688 1.05062 -0.0625337
5.3 1.00625 1.0686 1.05 -0.0623497
5.31 1.00623 1.0684 1.04937 -0.0621616
5.32 1.00622 1.06819 1.04875 -0.0619693
5.33 1.0062 1.06797 1.04813 -0.061773
5.34 1.00618 1.06775 1.04752 -0.0615727
5.35 1.00616 1.06753 1.0469 -0.0613684
5.36 1.00614 1.0673 1.04629 -0.0611603
5.37 1.00612 1.06706 1.04568 -0.0609484
5.38 1.00609 1.06683 1.04507 -0.0607327
5.39 1.00607 1.06659 1.04447 -0.0605133
5.4 1.00605 1.06634 1.04386 -0.0602903
5.41 1.00603 1.06609 1.04326 -0.0600638
5.42 1.00601 1.06584 1.04266 -0.0598337
5.43 1.00598 1.06558 1.04206 -0.0596002
5.44 1.00596 1.06532 1.04147 -0.0593634
5.45 1.00594 1.06506 1.04088 -0.0591232
5.46 1.00591 1.06479 1.04029 -0.0588797
5.47 1.00589 1.06452 1.0397 -0.0586331
5.48 1.00586 1.06425 1.03911 -0.0583833
5.49 1.00584 1.06397 1.03853 -0.0581305
5.5 1.00581 1.06369 1.03795 -0.0578746
5.51 1.00579 1.0634 1.03737 -0.0576158
5.52 1.00576 1.06312 1.0368 -0.0573541
5.53 1.00574 1.06282 1.03623 -0.0570895
5.54 1.00571 1.06253 1.03566 -0.0568222
5.55 1.00568 1.06223 1.03509 -0.0565521
5.56 1.00566 1.06193 1.03453 -0.0562793
5.57 1.00563 1.06163 1.03396 -0.0560039
5.58 1.0056 1.06133 1.03341 -0.055726
5.59 1.00557 1.06102 1.03285 -0.0554456
5.6 1.00554 1.06071 1.0323 -0.0551627
5.61 1.00552 1.06039 1.03175 -0.0548774
5.62 1.00549 1.06008 1.0312 -0.0545898
5.63 1.00546 1.05976 1.03065 -0.0542999
5.64 1.00543 1.05944 1.03011 -0.0540078
5.65 1.0054 1.05911 1.02957 -0.0537135
5.66 1.00537 1.05879 1.02904 -0.053417
5.67 1.00534 1.05846 1.02851 -0.0531185
5.68 1.00531 1.05813 1.02798 -0.052818
5.69 1.00528 1.0578 1.02745 -0.0525155
5.7 1.00525 1.05746 1.02693 -0.0522111
5.71 1.00522 1.05713 1.02641 -0.0519048
5.72 1.00519 1.05679 1.02589 -0.0515967
5.73 1.00516 1.05645 1.02537 -0.0512869
5.74 1.00513 1.0561 1.02486 -0.0509753
5.75 1.0051 1.05576 1.02435 -0.0506621
5.76 1.00507 1.05541 1.02385 -0.0503473
5.77 1.00503 1.05507 1.02335 -0.0500309
5.78 1.005 1.05472 1.02285 -0.0497129
5.79 1.00497 1.05436 1.02235 -0.0493935
5.8 1.00494 1.05401 1.02186 -0.0490727
5.81 1.00491 1.05366 1.02137 -0.0487506
5.82 1.00487 1.0533 1.02089 -0.0484271
5.83 1.00484 1.05294 1.0204 -0.0481023
5.84 1.00481 1.05259 1.01992 -0.0477763
5.85 1.00478 1.05223 1.01945 -0.0474491
5.86 1.00474 1.05187 1.01897 -0.0471207
5.87 1.00471 1.0515 1.0185 -0.0467913
5.88 1.00468 1.05114 1.01804 -0.0464608
5.89 1.00465 1.05078 1.01758 -0.0461293
5.9 1.00461 1.05041 1.01712 -0.0457968
5.91 1.00458 1.05004 1.01666 -0.0454635
5.92 1.00455 1.04968 1.01621 -0.0451292
5.93 1.00451 1.04931 1.01576 -0.0447941
5.94 1.00448 1.04894 1.01531 -0.0444583
5.95 1.00445 1.04857 1.01487 -0.0441217
5.96 1.00441 1.0482 1.01443 -0.0437843
5.97 1.00438 1.04782 1.01399 -0.0434463
5.98 1.00434 1.04745 1.01356 -0.0431077
5.99 1.00431 1.04708 1.01313 -0.0427685
6 1.00428 1.04671 1.0127 -0.0424288
6.01 1.00424 1.04633 1.01228 -0.0420885
6.02 1.00421 1.04596 1.01186 -0.0417478
6.03 1.00417 1.04558 1.01145 -0.0414067
6.04 1.00414 1.04521 1.01103 -0.0410652
6.05 1.00411 1.04483 1.01063 -0.0407233
6.06 1.00407 1.04445 1.01022 -0.0403811
6.07 1.00404 1.04408 1.00982 -0.0400387
6.08 1.004 1.0437 1.00942 -0.039696
6.09 1.00397 1.04332 1.00902 -0.0393531
6.1 1.00394 1.04295 1.00863 -0.03901
6.11 1.0039 1.04257 1.00824 -0.0386668
6.12 1.00387 1.04219 1.00786 -0.0383236
6.13 1.00383 1.04181 1.00748 -0.0379803
6.14 1.0038 1.04143 1.0071 -0.0376369
6.15 1.00376 1.04106 1.00672 -0.0372936
6.16 1.00373 1.04068 1.00635 -0.0369503
6.17 1.0037 1.0403 1.00599 -0.0366071
6.18 1.00366 1.03992 1.00562 -0.036264
6.19 1.00363 1.03955 1.00526 -0.035921
6.2 1.00359 1.03917 1.0049 -0.0355783
6.21 1.00356 1.03879 1.00455 -0.0352357
6.22 1.00352 1.03842 1.0042 -0.0348934
6.23 1.00349 1.03804 1.00385 -0.0345514
6.24 1.00346 1.03766 1.00351 -0.0342096
6.25 1.00342 1.03729 1.00317 -0.0338682
6.26 1.00339 1.03691 1.00283 -0.0335272
6.27 1.00335 1.03654 1.0025 -0.0331866
6.28 1.00332 1.03617 1.00217 -0.0328464
6.29 1.00328 1.03579 1.00184 -0.0325066
6.3 1.00325 1.03542 1.00152 -0.0321673
6.31 1.00322 1.03505 1.0012 -0.0318286
6.32 1.00318 1.03467 1.00088 -0.0314904
6.33 1.00315 1.0343 1.00057 -0.0311527
6.34 1.00312 1.03393 1.00026 -0.0308157
6.35 1.00308 1.03356 0.99995 -0.0304793
6.36 1.00305 1.03319 0.999646 -0.0301435
6.37 1.00301 1.03282 0.999347 -0.0298084
6.38 1.00298 1.03245 0.99905 -0.029474
6.39 1.00295 1.03209 0.998757 -0.0291403
6.4 1.00291 1.03172 0.998467 -0.0288074
6.41 1.00288 1.03136 0.998181 -0.0284753
6.42 1.00285 1.03099 0.997898 -0.0281439
6.43 1.00281 1.03063 0.997618 -0.0278134
6.44 1.00278 1.03027 0.997342 -0.0274838
6.45 1.00275 1.0299 0.997068 -0.027155
6.46 1.00272 1.02954 0.996799 -0.0268271
6.47 1.00268 1.02918 0.996532 -0.0265001
6.48 1.00265 1.02882 0.996269 -0.0261741
6.49 1.00262 1.02847 0.996008 -0.025849
6.5 1.00258 1.02811 0.995752 -0.0255249
6.51 1.00255 1.02775 0.995498 -0.0252019
6.52 1.00252 1.0274 0.995247 -0.0248798
6.53 1.00249 1.02705 0.995 -0.0245588
6.54 1.00246 1.02669 0.994756 -0.0242389
6.55 1.00242 1.02634 0.994515 -0.0239201
6.56 1.00239 1.02599 0.994278 -0.0236024
6.57 1.00236 1.02565 0.994043 -0.0232858
6.58 1.00233 1.0253 0.993812 -0.0229703
6.59 1.0023 1.02495 0.993584 -0.0226561
6.6 1.00227 1.02461 0.993359 -0.022343
6.61 1.00223 1.02427 0.993137 -0.0220311
6.62 1.0022 1.02392 0.992918 -0.0217204
6.63 1.00217 1.02358 0.992703 -0.021411
6.64 1.00214 1.02324 0.99249 -0.0211028
6.65 1.00211 1.02291 0.992281 -0.0207959
6.66 1.00208 1.02257 0.992074 -0.0204903
6.67 1.00205 1.02224 0.991871 -0.020186
6.68 1.00202 1.0219 0.99167 -0.0198831
6.69 1.00199 1.02157 0.991473 -0.0195814
6.7 1.00196 1.02124 0.991279 -0.0192812
6.71 1.00193 1.02091 0.991088 -0.0189822
6.72 1.0019 1.02058 0.990899 -0.0186847
6.73 1.00187 1.02026 0.990714 -0.0183886
6.74 1.00184 1.01993 0.990531 -0.0180939
6.75 1.00181 1.01961 0.990352 -0.0178006
6.76 1.00178 1.01929 0.990175 -0.0175087
6.77 1.00175 1.01897 0.990002 -0.0172183
6.78 1.00172 1.01865 0.989831 -0.0169294
6.79 1.00169 1.01833 0.989663 -0.0166419
6.8 1.00166 1.01802 0.989498 -0.0163559
6.81 1.00164 1.01771 0.989336 -0.0160715
6.82 1.00161 1.0174 0.989177 -0.0157885
6.83 1.00158 1.01709 0.98902 -0.0155071
6.84 1.00155 1.01678 0.988867 -0.0152272
6.85 1.00152 1.01647 0.988716 -0.0149489
6.86 1.00149 1.01617 0.988568 -0.0146721
6.87 1.00147 1.01586 0.988422 -0.0143969
6.88 1.00144 1.01556 0.98828 -0.0141233
6.89 1.00141 1.01526 0.98814 -0.0138513
6.9 1.00139 1.01497 0.988003 -0.0135808
6.91 1.00136 1.01467 0.987868 -0.013312
6.92 1.00133 1.01438 0.987736 -0.0130448
6.93 1.0013 1.01408 0.987607 -0.0127792
6.94 1.00128 1.01379 0.987481 -0.0125153
6.95 1.00125 1.0135 0.987357 -0.012253
6.96 1.00123 1.01322 0.987236 -0.0119923
6.97 1.0012 1.01293 0.987117 -0.0117333
6.98 1.00117 1.01265 0.987001 -0.011476
6.99 1.00115 1.01237 0.986887 -0.0112204
7 1.00112 1.01209 0.986777 -0.0109664
7.01 1.0011 1.01181 0.986668 -0.0107141
7.02 1.00107 1.01154 0.986562 -0.0104636
7.03 1.00105 1.01126 0.986459 -0.0102147
7.04 1.00102 1.01099 0.986358 -0.00996752
7.05 1.001 1.01072 0.986259 -0.00972207
7.06 1.00097 1.01045 0.986163 -0.00947834
7.07 1.00095 1.01018 0.98607 -0.00923633
7.08 1.00092 1.00992 0.985979 -0.00899605
7.09 1.0009 1.00966 0.98589 -0.00875751
7.1 1.00088 1.0094 0.985804 -0.00852071
7.11 1.00085 1.00914 0.985719 -0.00828566
7.12 1.00083 1.00888 0.985638 -0.00805235
7.13 1.00081 1.00863 0.985558 -0.0078208
7.14 1.00078 1.00837 0.985481 -0.007591
7.15 1.00076 1.00812 0.985407 -0.00736296
7.16 1.00074 1.00787 0.985334 -0.00713669
7.17 1.00071 1.00763 0.985264 -0.00691219
7.18 1.00069 1.00738 0.985196 -0.00668945
7.19 1.00067 1.00714 0.98513 -0.00646849
7.2 1.00065 1.0069 0.985066 -0.0062493
7.21 1.00063 1.00666 0.985005 -0.0060319
7.22 1.0006 1.00642 0.984946 -0.00581627
7.23 1.00058 1.00618 0.984889 -0.00560242
7.24 1.00056 1.00595 0.984834 -0.00539036
7.25 1.00054 1.00572 0.984781 -0.00518009
7.26 1.00052 1.00549 0.98473 -0.0049716
7.27 1.0005 1.00526 0.984681 -0.00476489
7.28 1.00048 1.00504 0.984635 -0.00455998
7.29 1.00046 1.00481 0.98459 -0.00435686
7.3 1.00044 1.00459 0.984548 -0.00415553
7.31 1.00042 1.00437 0.984507 -0.00395599
7.32 1.0004 1.00415 0.984468 -0.00375824
7.33 1.00038 1.00394 0.984432 -0.00356228
7.34 1.00036 1.00372 0.984397 -0.00336811
7.35 1.00034 1.00351 0.984364 -0.00317573
7.36 1.00032 1.0033 0.984334 -0.00298515
7.37 1.0003 1.00309 0.984305 -0.00279635
7.38 1.00028 1.00289 0.984278 -0.00260934
7.39 1.00026 1.00269 0.984253 -0.00242412
7.4 1.00024 1.00248 0.984229 -0.00224069
7.41 1.00022 1.00228 0.984208 -0.00205904
7.42 1.00021 1.00209 0.984188 -0.00187918
7.43 1.00019 1.00189 0.98417 -0.0017011
7.44 1.00017 1.00169 0.984154 -0.0015248
7.45 1.00015 1.0015 0.98414 -0.00135028
7.46 1.00014 1.00131 0.984127 -0.00117753
7.47 1.00012 1.00112 0.984116 -0.00100656
7.48 1.0001 1.00094 0.984107 -0.000837362
7.49 1.00008 1.00075 0.984099 -0.000669933
7.5 1.00007 1.00057 0.984093 -0.00050427
7.51 1.00005 1.00039 0.984089 -0.000340371
7.52 1.00003 1.00021 0.984087 -0.000178233
7.53 1.00002 1.00004 0.984086 -1.78524e-05
7.54 1 0.999861 0.984086 0.000140774
7.55 0.999986 0.999688 0.984088 0.000297649
7.56 0.99997 0.999518 0.984092 0.000452776
7.57 0.999955 0.999349 0.984097 0.00060616
7.58 0.999939 0.999182 0.984104 0.000757804
7.59 0.999924 0.999017 0.984113 0.000907713
7.6 0.999909 0.998853 0.984122 0.00105589
7.61 0.999894 0.998692 0.984134 0.00120234
7.62 0.99988 0.998533 0.984146 0.00134706
7.63 0.999865 0.998375 0.984161 0.00149007
7.64 0.999851 0.99822 0.984176 0.00163136
7.65 0.999837 0.998066 0.984193 0.00177094
7.66 0.999823 0.997914 0.984212 0.00190882
7.67 0.999809 0.997764 0.984231 0.002045
7.68 0.999796 0.997616 0.984252 0.00217948
7.69 0.999782 0.99747 0.984275 0.00231228
7.7 0.999769 0.997325 0.984299 0.00244339
7.71 0.999756 0.997183 0.984324 0.00257282
7.72 0.999743 0.997042 0.98435 0.00270058
7.73 0.99973 0.996903 0.984378 0.00282667
7.74 0.999717 0.996766 0.984407 0.00295109
7.75 0.999705 0.996631 0.984437 0.00307386
7.76 0.999693 0.996498 0.984468 0.00319498
7.77 0.999681 0.996366 0.984501 0.00331446
7.78 0.999669 0.996236 0.984534 0.0034323
7.79 0.999657 0.996108 0.984569 0.00354851
7.8 0.999645 0.995982 0.984605 0.00366309
7.81 0.999634 0.995858 0.984643 0.00377605
7.82 0.999622 0.995735 0.984681 0.0038874
7.83 0.999611 0.995614 0.98472 0.00399714
7.84 0.9996 0.995495 0.984761 0.00410528
7.85 0.99959 0.995378 0.984802 0.00421183
7.86 0.999579 0.995262 0.984845 0.0043168
7.87 0.999568 0.995148 0.984889 0.00442018
7.88 0.999558 0.995036 0.984933 0.00452199
7.89 0.999548 0.994926 0.984979 0.00462224
7.9 0.999538 0.994817 0.985026 0.00472093
7.91 0.999528 0.99471 0.985074 0.00481807
7.92 0.999518 0.994605 0.985122 0.00491367
7.93 0.999509 0.994501 0.985172 0.00500773
7.94 0.999499 0.994399 0.985222 0.00510026
7.95 0.99949 0.994299 0.985274 0.00519127
7.96 0.999481 0.9942 0.985326 0.00528076
7.97 0.999472 0.994103 0.985379 0.00536876
7.98 0.999463 0.994008 0.985433 0.00545525
7.99 0.999455 0.993914 0.985488 0.00554025
8 0.999446 0.993822 0.985544 0.00562377
8.01 0.999438 0.993732 0.985601 0.00570582
8.02 0.999429 0.993643 0.985658 0.0057864
8.03 0.999421 0.993556 0.985717 0.00586552
8.04 0.999414 0.99347 0.985776 0.0059432
8.05 0.999406 0.993386 0.985835 0.00601942
8.06 0.999398 0.993304 0.985896 0.00609422
8.07 0.999391 0.993223 0.985957 0.00616759
8.08 0.999383 0.993144 0.986019 0.00623954
8.09 0.999376 0.993066 0.986082 0.00631009
8.1 0.999369 0.99299 0.986146 0.00637923
8.11 0.999362 0.992915 0.98621 0.00644698
8.12 0.999355 0.992842 0.986275 0.00651335
8.13 0.999349 0.99277 0.98634 0.00657834
8.14 0.999342 0.9927 0.986406 0.00664196
8.15 0.999336 0.992632 0.986473 0.00670423
8.16 0.99933 0.992564 0.98654 0.00676515
8.17 0.999324 0.992499 0.986608 0.00682473
8.18 0.999318 0.992435 0.986677 0.00688297
8.19 0.999312 0.992372 0.986746 0.0069399
8.2 0.999306 0.992311 0.986815 0.00699551
8.21 0.999301 0.992251 0.986886 0.00704981
8.22 0.999295 0.992192 0.986956 0.00710282
8.23 0.99929 0.992135 0.987028 0.00715454
8.24 0.999285 0.99208 0.987099 0.00720498
8.25 0.99928 0.992025 0.987172 0.00725415
8.26 0.999275 0.991973 0.987245 0.00730206
8.27 0.99927 0.991921 0.987318 0.00734872
8.28 0.999265 0.991871 0.987391 0.00739414
8.29 0.999261 0.991822 0.987466 0.00743832
8.3 0.999256 0.991775 0.98754 0.00748128
8.31 0.999252 0.991729 0.987615 0.00752302
8.32 0.999248 0.991684 0.987691 0.00756356
8.33 0.999244 0.991641 0.987767 0.0076029
8.34 0.99924 0.991599 0.987843 0.00764106
8.35 0.999236 0.991558 0.987919 0.00767803
8.36 0.999232 0.991518 0.987996 0.00771384
8.37 0.999229 0.99148 0.988074 0.00774848
8.38 0.999225 0.991443 0.988151 0.00778198
8.39 0.999222 0.991408 0.988229 0.00781433
8.4 0.999219 0.991373 0.988308 0.00784555
8.41 0.999216 0.99134 0.988386 0.00787565
8.42 0.999212 0.991308 0.988465 0.00790464
8.43 0.99921 0.991277 0.988544 0.00793252
8.44 0.999207 0.991247 0.988624 0.0079593
8.45 0.999204 0.991219 0.988703 0.007985
8.46 0.999202 0.991192 0.988783 0.00800963
8.47 0.999199 0.991166 0.988864 0.00803319
8.48 0.999197 0.991141 0.988944 0.00805568
8.49 0.999194 0.991117 0.989025 0.00807714
8.5 0.999192 0.991095 0.989106 0.00809755
8.51 0.99919 0.991073 0.989187 0.00811693
8.52 0.999188 0.991053 0.989268 0.00813529
8.53 0.999187 0.991034 0.989349 0.00815264
8.54 0.999185 0.991016 0.989431 0.00816899
8.55 0.999183 0.990999 0.989513 0.00818435
8.56 0.999182 0.990983 0.989595 0.00819873
8.57 0.99918 0.990968 0.989677 0.00821213
8.58 0.999179 0.990954 0.989759 0.00822456
8.59 0.999178 0.990942 0.989841 0.00823605
8.6 0.999176 0.99093 0.989924 0.00824658
8.61 0.999175 0.990919 0.990006 0.00825618
8.62 0.999174 0.99091 0.990089 0.00826485
8.63 0.999174 0.990901 0.990171 0.00827261
8.64 0.999173 0.990893 0.990254 0.00827946
8.65 0.999172 0.990887 0.990337 0.0082854
8.66 0.999172 0.990881 0.99042 0.00829046
8.67 0.999171 0.990876 0.990503 0.00829464
8.68 0.999171 0.990873 0.990586 0.00829794
8.69 0.99917 0.99087 0.990669 0.00830039
8.7 0.99917 0.990868 0.990752 0.00830198
8.71 0.99917 0.990867 0.990835 0.00830272
8.72 0.99917 0.990867 0.990918 0.00830263
8.73 0.99917 0.990868 0.991001 0.00830172
8.74 0.99917 0.99087 0.991084 0.00829999
8.75 0.99917 0.990873 0.991167 0.00829745
8.76 0.99917 0.990876 0.99125 0.00829412
8.77 0.999171 0.990881 0.991333 0.00828999
8.78 0.999171 0.990886 0.991415 0.00828509
8.79 0.999172 0.990892 0.991498 0.00827941
8.8 0.999172 0.990899 0.991581 0.00827297
8.81 0.999173 0.990907 0.991664 0.00826578
8.82 0.999173 0.990916 0.991746 0.00825785
8.83 0.999174 0.990925 0.991829 0.00824918
8.84 0.999175 0.990935 0.991911 0.00823978
8.85 0.999176 0.990946 0.991994 0.00822966
8.86 0.999177 0.990958 0.992076 0.00821884
8.87 0.999178 0.990971 0.992158 0.00820732
8.88 0.999179 0.990984 0.99224 0.00819511
8.89 0.999181 0.990998 0.992322 0.00818221
8.9 0.999182 0.991013 0.992404 0.00816864
8.91 0.999183 0.991029 0.992485 0.00815441
8.92 0.999185 0.991045 0.992567 0.00813952
8.93 0.999186 0.991062 0.992648 0.00812398
8.94 0.999188 0.99108 0.992729 0.00810781
8.95 0.999189 0.991098 0.99281 0.008091
8.96 0.999191 0.991117 0.992891 0.00807358
8.97 0.999193 0.991137 0.992972 0.00805554
8.98 0.999194 0.991158 0.993052 0.00803689
8.99 0.999196 0.991179 0.993132 0.00801765
9 0.999198 0.9912 0.993213 0.00799783
9.01 0.9992 0.991223 0.993292 0.00797742
9.02 0.999202 0.991246 0.993372 0.00795644
9.03 0.999204 0.991269 0.993452 0.00793491
9.04 0.999207 0.991294 0.993531 0.00791281
9.05 0.999209 0.991319 0.99361 0.00789017
9.06 0.999211 0.991344 0.993689 0.007867
9.07 0.999213 0.99137 0.993767 0.00784329
9.08 0.999216 0.991397 0.993845 0.00781906
9.09 0.999218 0.991424 0.993923 0.00779432
9.1 0.999221 0.991452 0.994001 0.00776908
9.11 0.999223 0.99148 0.994079 0.00774334
9.12 0.999226 0.991509 0.994156 0.0077171
9.13 0.999228 0.991538 0.994233 0.00769039
9.14 0.999231 0.991568 0.99431 0.00766321
9.15 0.999234 0.991598 0.994386 0.00763556
9.16 0.999236 0.991629 0.994463 0.00760745
9.17 0.999239 0.99166 0.994539 0.00757889
9.18 0.999242 0.991692 0.994614 0.00754989
9.19 0.999245 0.991725 0.99469 0.00752046
9.2 0.999248 0.991757 0.994765 0.0074906
9.21 0.999251 0.991791 0.994839 0.00746032
9.22 0.999254 0.991824 0.994914 0.00742963
9.23 0.999257 0.991859 0.994988 0.00739854
9.24 0.99926 0.991893 0.995062 0.00736705
9.25 0.999263 0.991928 0.995135 0.00733517
9.26 0.999267 0.991964 0.995209 0.00730291
9.27 0.99927 0.991999 0.995281 0.00727028
9.28 0.999273 0.992036 0.995354 0.00723728
9.29 0.999276 0.992072 0.995426 0.00720393
9.3 0.99928 0.992109 0.995498 0.00717022
9.31 0.999283 0.992147 0.99557 0.00713616
9.32 0.999286 0.992185 0.995641 0.00710177
9.33 0.99929 0.992223 0.995712 0.00706705
9.34 0.999293 0.992261 0.995782 0.007032
9.35 0.999297 0.9923 0.995852 0.00699664
9.36 0.9993 0.992339 0.995922 0.00696097
9.37 0.999304 0.992379 0.995991 0.00692499
9.38 0.999308 0.992419 0.99606 0.00688872
9.39 0.999311 0.992459 0.996129 0.00685217
9.4 0.999315 0.992499 0.996198 0.00681533
9.41 0.999318 0.99254 0.996265 0.00677821
9.42 0.999322 0.992581 0.996333 0.00674083
9.43 0.999326 0.992623 0.9964 0.00670319
9.44 0.99933 0.992664 0.996467 0.00666529
9.45 0.999333 0.992706 0.996534 0.00662714
9.46 0.999337 0.992749 0.9966 0.00658875
9.47 0.999341 0.992791 0.996665 0.00655012
9.48 0.999345 0.992834 0.996731 0.00651127
9.49 0.999349 0.992877 0.996796 0.00647219
9.5 0.999353 0.99292 0.99686 0.00643289
9.51 0.999357 0.992963 0.996924 0.00639339
9.52 0.999361 0.993007 0.996988 0.00635368
9.53 0.999365 0.993051 0.997051 0.00631378
9.54 0.999369 0.993095 0.997114 0.00627368
9.55 0.999373 0.993139 0.997177 0.0062334
9.56 0.999377 0.993184 0.997239 0.00619294
9.57 0.999381 0.993228 0.997301 0.0061523
9.58 0.999385 0.993273 0.997362 0.0061115
9.59 0.999389 0.993318 0.997423 0.00607053
9.6 0.999393 0.993364 0.997483 0.00602941
9.61 0.999397 0.993409 0.997543 0.00598814
9.62 0.999401 0.993454 0.997603 0.00594673
9.63 0.999405 0.9935 0.997662 0.00590517
9.64 0.999409 0.993546 0.997721 0.00586349
9.65 0.999414 0.993592 0.99778 0.00582167
9.66 0.999418 0.993638 0.997838 0.00577974
9.67 0.999422 0.993684 0.997895 0.00573769
9.68 0.999426 0.993731 0.997952 0.00569553
9.69 0.99943 0.993777 0.998009 0.00565326
9.7 0.999435 0.993824 0.998065 0.00561089
9.71 0.999439 0.99387 0.998121 0.00556843
9.72 0.999443 0.993917 0.998177 0.00552588
9.73 0.999447 0.993964 0.998232 0.00548324
9.74 0.999452 0.994011 0.998287 0.00544053
9.75 0.999456 0.994058 0.998341 0.00539774
9.76 0.99946 0.994105 0.998394 0.00535489
9.77 0.999465 0.994153 0.998448 0.00531196
9.78 0.999469 0.9942 0.998501 0.00526898
9.79 0.999473 0.994247 0.998553 0.00522595
9.8 0.999477 0.994295 0.998605 0.00518287
9.81 0.999482 0.994342 0.998657 0.00513974
9.82 0.999486 0.994389 0.998708 0.00509658
9.83 0.99949 0.994437 0.998759 0.00505338
9.84 0.999495 0.994485 0.998809 0.00501015
9.85 0.999499 0.994532 0.998859 0.00496689
9.86 0.999503 0.99458 0.998908 0.00492361
9.87 0.999508 0.994627 0.998957 0.00488032
9.88 0.999512 0.994675 0.999006 0.00483701
9.89 0.999516 0.994723 0.999054 0.0047937
9.9 0.999521 0.99477 0.999102 0.00475039
9.91 0.999525 0.994818 0.999149 0.00470707
9.92 0.999529 0.994866 0.999196 0.00466376
9.93 0.999534 0.994913 0.999242 0.00462047
9.94 0.999538 0.994961 0.999288 0.00457718
9.95 0.999542 0.995008 0.999334 0.00453392
9.96 0.999547 0.995056 0.999379 0.00449067
9.97 0.999551 0.995103 0.999424 0.00444746
9.98 0.999555 0.995151 0.999468 0.00440427
9.99 0.99956 0.995198 0.999512 0.00436112
10 0.999564 0.995246 0.999555 0.00431801
