time V1 V2 V3 I
0 0 0 0 0
0.01 0.666556 0.66324 1.65806e-05 0.00331612
0.02 0.888374 0.877356 8.8254e-05 0.0110186
0.03 0.961754 0.941642 0.000243906 0.0201119
0.04 0.985594 0.955998 0.000492448 0.0295964
0.05 0.992907 0.953768 0.000836123 0.0391386
0.06 0.99471 0.946083 0.00127495 0.0486273
0.07 0.994682 0.936656 0.00180822 0.0580256
0.08 0.994049 0.926728 0.00243495 0.0673213
0.09 0.993222 0.916711 0.00315411 0.0765105
0.1 0.992337 0.906745 0.00396462 0.0855922
0.11 0.99144 0.896874 0.00486542 0.0945662
0.12 0.990547 0.887114 0.00585541 0.103433
0.13 0.989661 0.87747 0.00693353 0.112191
0.14 0.988786 0.867943 0.0080987 0.120843
0.15 0.987921 0.858532 0.00934986 0.129389
0.16 0.987066 0.849239 0.0106859 0.137827
0.17 0.986223 0.840063 0.0121059 0.14616
0.18 0.985389 0.831003 0.0136086 0.154387
0.19 0.984567 0.822059 0.0151931 0.162508
0.2 0.983754 0.81323 0.0168582 0.170524
0.21 0.982953 0.804517 0.018603 0.178435
0.22 0.982162 0.795919 0.0204264 0.186242
0.23 0.981381 0.787435 0.0223274 0.193945
0.24 0.980611 0.779066 0.0243048 0.201545
0.25 0.979851 0.77081 0.0263577 0.209041
0.26 0.979101 0.762667 0.0284851 0.216434
0.27 0.978362 0.754637 0.0306859 0.223725
0.28 0.977633 0.746719 0.0329591 0.230913
0.29 0.976914 0.738914 0.0353037 0.238
0.3 0.976205 0.731219 0.0377186 0.244986
0.31 0.975506 0.723636 0.0402029 0.25187
0.32 0.974818 0.716163 0.0427555 0.258655
0.33 0.97414 0.708801 0.0453755 0.265339
0.34 0.973471 0.701548 0.0480618 0.271923
0.35 0.972813 0.694404 0.0508134 0.278409
0.36 0.972164 0.687369 0.0536295 0.284795
0.37 0.971525 0.680442 0.0565089 0.291084
0.38 0.970897 0.673622 0.0594506 0.297274
0.39 0.970277 0.66691 0.0624539 0.303367
0.4 0.969668 0.660305 0.0655175 0.309364
0.41 0.969068 0.653805 0.0686406 0.315263
0.42 0.968478 0.647411 0.0718223 0.321067
0.43 0.967898 0.641123 0.0750615 0.326775
0.44 0.967327 0.634939 0.0783573 0.332389
0.45 0.966766 0.628859 0.0817088 0.337907
0.46 0.966214 0.622882 0.085115 0.343332
0.47 0.965672 0.617009 0.088575 0.348663
0.48 0.965138 0.611238 0.0920878 0.353901
0.49 0.964615 0.605569 0.0956525 0.359046
0.5 0.9641 0.600001 0.0992682 0.364099
0.51 0.963595 0.594534 0.102934 0.369061
0.52 0.963098 0.589167 0.106649 0.373932
0.53 0.962611 0.5839 0.110412 0.378712
0.54 0.962133 0.578732 0.114223 0.383402
0.55 0.961664 0.573662 0.11808 0.388002
0.56 0.961204 0.568691 0.121982 0.392513
0.57 0.960753 0.563817 0.12593 0.396936
0.58 0.960311 0.559039 0.129921 0.401271
0.59 0.959877 0.554358 0.133955 0.405519
0.6 0.959452 0.549773 0.138031 0.40968
0.61 0.959036 0.545282 0.142148 0.413754
0.62 0.958629 0.540886 0.146305 0.417743
0.63 0.95823 0.536584 0.150502 0.421646
0.64 0.95784 0.532375 0.154738 0.425465
0.65 0.957458 0.528259 0.159011 0.429199
0.66 0.957084 0.524234 0.163321 0.43285
0.67 0.956719 0.520302 0.167668 0.436418
0.68 0.956362 0.51646 0.172049 0.439903
0.69 0.956014 0.512708 0.176465 0.443306
0.7 0.955673 0.509046 0.180915 0.446628
0.71 0.955341 0.505472 0.185397 0.449869
0.72 0.955017 0.501987 0.189912 0.45303
0.73 0.954701 0.49859 0.194458 0.456111
0.74 0.954393 0.49528 0.199034 0.459113
0.75 0.954093 0.492057 0.20364 0.462036
0.76 0.9538 0.488919 0.208274 0.464881
0.77 0.953516 0.485867 0.212937 0.467649
0.78 0.953239 0.482899 0.217627 0.47034
0.79 0.95297 0.480015 0.222343 0.472955
0.8 0.952708 0.477214 0.227085 0.475494
0.81 0.952454 0.474497 0.231853 0.477958
0.82 0.952208 0.471861 0.236644 0.480347
0.83 0.951969 0.469307 0.241459 0.482662
0.84 0.951737 0.466833 0.246297 0.484904
0.85 0.951513 0.46444 0.251157 0.487073
0.86 0.951296 0.462126 0.256038 0.48917
0.87 0.951087 0.459891 0.26094 0.491195
0.88 0.950884 0.457734 0.265862 0.49315
0.89 0.950689 0.455655 0.270803 0.495033
0.9 0.9505 0.453653 0.275762 0.496847
0.91 0.950319 0.451727 0.280739 0.498591
0.92 0.950144 0.449877 0.285734 0.500267
0.93 0.949977 0.448102 0.290744 0.501874
0.94 0.949816 0.446402 0.295771 0.503414
0.95 0.949662 0.444775 0.300812 0.504887
0.96 0.949515 0.443221 0.305868 0.506294
0.97 0.949374 0.441739 0.310938 0.507635
0.98 0.94924 0.44033 0.31602 0.50891
0.99 0.949112 0.438991 0.321116 0.510121
1 0.948991 0.437723 0.326223 0.511268
1.01 0.948876 0.436525 0.331341 0.512352
1.02 0.948768 0.435396 0.336469 0.513372
1.03 0.948666 0.434336 0.341608 0.51433
1.04 0.94857 0.433343 0.346756 0.515227
1.05 0.94848 0.432418 0.351912 0.516062
1.06 0.948397 0.431559 0.357077 0.516837
1.07 0.948319 0.430767 0.362249 0.517552
1.08 0.948248 0.43004 0.367427 0.518208
1.09 0.948182 0.429377 0.372612 0.518805
1.1 0.948122 0.428779 0.377803 0.519344
1.11 0.948069 0.428244 0.382999 0.519825
1.12 0.94802 0.427772 0.388199 0.520249
1.13 0.947978 0.427362 0.393404 0.520616
1.14 0.947941 0.427013 0.398611 0.520928
1.15 0.94791 0.426725 0.403822 0.521185
1.16 0.947884 0.426498 0.409035 0.521387
1.17 0.947864 0.42633 0.414249 0.521534
1.18 0.947849 0.426221 0.419465 0.521628
1.19 0.94784 0.42617 0.424682 0.52167
1.2 0.947836 0.426177 0.429898 0.521659
1.21 0.947837 0.426241 0.435115 0.521596
1.22 0.947843 0.426362 0.44033 0.521481
1.23 0.947854 0.426538 0.445544 0.521316
1.24 0.947871 0.426769 0.450756 0.521102
1.25 0.947892 0.427055 0.455966 0.520837
1.26 0.947919 0.427395 0.461173 0.520524
1.27 0.94795 0.427788 0.466376 0.520162
1.28 0.947986 0.428234 0.471576 0.519752
1.29 0.948027 0.428732 0.476771 0.519295
1.3 0.948073 0.429281 0.481961 0.518792
1.31 0.948123 0.429881 0.487146 0.518242
1.32 0.948178 0.430532 0.492326 0.517647
1.33 0.948238 0.431231 0.497499 0.517006
1.34 0.948302 0.43198 0.502666 0.516322
1.35 0.94837 0.432777 0.507825 0.515593
1.36 0.948443 0.433622 0.512977 0.514821
1.37 0.94852 0.434514 0.518122 0.514006
1.38 0.948602 0.435453 0.523257 0.513149
1.39 0.948687 0.436437 0.528384 0.51225
1.4 0.948777 0.437467 0.533502 0.51131
1.41 0.948871 0.438541 0.53861 0.51033
1.42 0.948969 0.43966 0.543709 0.509309
1.43 0.949071 0.440822 0.548796 0.508249
1.44 0.949177 0.442027 0.553873 0.50715
1.45 0.949287 0.443275 0.558939 0.506012
1.46 0.949401 0.444564 0.563993 0.504837
1.47 0.949518 0.445894 0.569036 0.503624
1.48 0.949639 0.447265 0.574066 0.502374
1.49 0.949764 0.448676 0.579083 0.501088
1.5 0.949893 0.450126 0.584087 0.499766
1.51 0.950025 0.451616 0.589078 0.498409
1.52 0.950161 0.453143 0.594055 0.497018
1.53 0.9503 0.454709 0.599018 0.495591
1.54 0.950443 0.456311 0.603967 0.494132
1.55 0.950589 0.45795 0.608901 0.492639
1.56 0.950738 0.459625 0.61382 0.491113
1.57 0.95089 0.461335 0.618723 0.489555
1.58 0.951046 0.463081 0.62361 0.487965
1.59 0.951205 0.46486 0.628482 0.486345
1.6 0.951367 0.466674 0.633337 0.484693
1.61 0.951532 0.468521 0.638176 0.483012
1.62 0.9517 0.4704 0.642997 0.4813
1.63 0.951871 0.472312 0.647802 0.47956
1.64 0.952045 0.474255 0.652588 0.477791
1.65 0.952222 0.476229 0.657357 0.475993
1.66 0.952402 0.478234 0.662108 0.474168
1.67 0.952585 0.480268 0.66684 0.472316
1.68 0.95277 0.482333 0.671554 0.470437
1.69 0.952958 0.484426 0.676249 0.468532
1.7 0.953148 0.486547 0.680925 0.466601
1.71 0.953341 0.488697 0.685581 0.464645
1.72 0.953537 0.490873 0.690218 0.462664
1.73 0.953735 0.493077 0.694834 0.460658
1.74 0.953935 0.495307 0.699431 0.458629
1.75 0.954138 0.497563 0.704007 0.456576
1.76 0.954344 0.499844 0.708562 0.4545
1.77 0.954551 0.50215 0.713096 0.452402
1.78 0.954761 0.50448 0.71761 0.450281
1.79 0.954973 0.506834 0.722102 0.448139
1.8 0.955187 0.509211 0.726573 0.445976
1.81 0.955403 0.511611 0.731021 0.443792
1.82 0.955622 0.514034 0.735448 0.441588
1.83 0.955842 0.516478 0.739853 0.439364
1.84 0.956065 0.518944 0.744235 0.437121
1.85 0.956289 0.52143 0.748595 0.434859
1.86 0.956515 0.523937 0.752933 0.432578
1.87 0.956743 0.526464 0.757247 0.430279
1.88 0.956973 0.529011 0.761538 0.427962
1.89 0.957205 0.531576 0.765806 0.425629
1.9 0.957438 0.53416 0.770051 0.423278
1.91 0.957673 0.536762 0.774271 0.420911
1.92 0.95791 0.539382 0.778469 0.418528
1.93 0.958148 0.542019 0.782642 0.416129
1.94 0.958388 0.544672 0.786791 0.413716
1.95 0.958629 0.547342 0.790916 0.411287
1.96 0.958872 0.550028 0.795017 0.408844
1.97 0.959116 0.552729 0.799093 0.406388
1.98 0.959362 0.555445 0.803145 0.403917
1.99 0.959609 0.558175 0.807171 0.401434
2 0.959857 0.56092 0.811173 0.398938
2.01 0.960107 0.563678 0.81515 0.396429
2.02 0.960358 0.566449 0.819102 0.393908
2.03 0.96061 0.569234 0.823028 0.391376
2.04 0.960863 0.57203 0.826929 0.388833
2.05 0.961117 0.574839 0.830805 0.386278
2.06 0.961373 0.577659 0.834655 0.383713
2.07 0.961629 0.580491 0.838479 0.381139
2.08 0.961887 0.583333 0.842277 0.378554
2.09 0.962145 0.586185 0.84605 0.37596
2.1 0.962404 0.589048 0.849797 0.373357
2.11 0.962665 0.59192 0.853517 0.370745
2.12 0.962926 0.594801 0.857211 0.368125
2.13 0.963188 0.597691 0.86088 0.365497
2.14 0.963451 0.600589 0.864521 0.362861
2.15 0.963714 0.603496 0.868137 0.360219
2.16 0.963978 0.60641 0.871726 0.357569
2.17 0.964243 0.609331 0.875288 0.354912
2.18 0.964509 0.612259 0.878824 0.35225
2.19 0.964775 0.615194 0.882333 0.349581
2.2 0.965042 0.618135 0.885815 0.346907
2.21 0.96531 0.621082 0.889271 0.344228
2.22 0.965577 0.624034 0.8927 0.341544
2.23 0.965846 0.626991 0.896102 0.338855
2.24 0.966115 0.629953 0.899477 0.336162
2.25 0.966384 0.63292 0.902825 0.333464
2.26 0.966654 0.63589 0.906146 0.330764
2.27 0.966924 0.638864 0.90944 0.328059
2.28 0.967194 0.641842 0.912708 0.325352
2.29 0.967465 0.644823 0.915947 0.322642
2.3 0.967736 0.647806 0.91916 0.31993
2.31 0.968007 0.650792 0.922346 0.317215
2.32 0.968279 0.65378 0.925505 0.314499
2.33 0.96855 0.656769 0.928636 0.311781
2.34 0.968822 0.65976 0.93174 0.309062
2.35 0.969094 0.662752 0.934817 0.306341
2.36 0.969366 0.665745 0.937867 0.303621
2.37 0.969638 0.668739 0.94089 0.300899
2.38 0.96991 0.671732 0.943885 0.298178
2.39 0.970182 0.674726 0.946853 0.295456
2.4 0.970454 0.677719 0.949794 0.292735
2.41 0.970726 0.680712 0.952708 0.290015
2.42 0.970998 0.683703 0.955594 0.287295
2.43 0.97127 0.686693 0.958454 0.284577
2.44 0.971542 0.689682 0.961286 0.28186
2.45 0.971814 0.692669 0.964091 0.279145
2.46 0.972085 0.695653 0.966869 0.276432
2.47 0.972357 0.698636 0.96962 0.273721
2.48 0.972628 0.701615 0.972343 0.271012
2.49 0.972899 0.704592 0.97504 0.268307
2.5 0.973169 0.707566 0.97771 0.265604
2.51 0.973439 0.710536 0.980352 0.262904
2.52 0.973709 0.713502 0.982968 0.260207
2.53 0.973979 0.716464 0.985556 0.257515
2.54 0.974248 0.719423 0.988118 0.254826
2.55 0.974517 0.722376 0.990653 0.252141
2.56 0.974786 0.725325 0.993161 0.24946
2.57 0.975054 0.728269 0.995642 0.246784
2.58 0.975321 0.731208 0.998096 0.244113
2.59 0.975588 0.734142 1.00052 0.241447
2.6 0.975855 0.73707 1.00293 0.238785
2.61 0.976121 0.739992 1.0053 0.23613
2.62 0.976387 0.742907 1.00765 0.233479
2.63 0.976652 0.745817 1.00997 0.230835
2.64 0.976916 0.74872 1.01226 0.228196
2.65 0.97718 0.751616 1.01453 0.225564
2.66 0.977443 0.754505 1.01678 0.222938
2.67 0.977706 0.757387 1.01899 0.220319
2.68 0.977968 0.760262 1.02118 0.217706
2.69 0.978229 0.763129 1.02335 0.2151
2.7 0.97849 0.765988 1.02548 0.212502
2.71 0.978749 0.768839 1.0276 0.209911
2.72 0.979009 0.771682 1.02968 0.207327
2.73 0.979267 0.774516 1.03174 0.204751
2.74 0.979525 0.777342 1.03378 0.202182
2.75 0.979781 0.780159 1.03579 0.199622
2.76 0.980037 0.782968 1.03777 0.19707
2.77 0.980293 0.785767 1.03973 0.194526
2.78 0.980547 0.788556 1.04166 0.191991
2.79 0.9808 0.791336 1.04357 0.189464
2.8 0.981053 0.794107 1.04545 0.186946
2.81 0.981305 0.796868 1.04731 0.184437
2.82 0.981556 0.799618 1.04914 0.181937
2.83 0.981806 0.802359 1.05095 0.179447
2.84 0.982055 0.805089 1.05273 0.176966
2.85 0.982303 0.807809 1.05449 0.174494
2.86 0.98255 0.810518 1.05622 0.172032
2.87 0.982796 0.813216 1.05793 0.16958
2.88 0.983041 0.815903 1.05961 0.167138
2.89 0.983286 0.818579 1.06127 0.164706
2.9 0.983529 0.821244 1.0629 0.162284
2.91 0.983771 0.823898 1.06451 0.159873
2.92 0.984012 0.82654 1.0661 0.157472
2.93 0.984252 0.82917 1.06766 0.155082
2.94 0.984491 0.831789 1.0692 0.152702
2.95 0.984729 0.834396 1.07072 0.150334
2.96 0.984966 0.83699 1.07221 0.147976
2.97 0.985202 0.839572 1.07368 0.145629
2.98 0.985437 0.842143 1.07512 0.143294
2.99 0.98567 0.8447 1.07654 0.14097
3 0.985902 0.847245 1.07794 0.138657
3.01 0.986134 0.849778 1.07932 0.136356
3.02 0.986364 0.852297 1.08067 0.134066
3.03 0.986593 0.854804 1.082 0.131789
3.04 0.986821 0.857298 1.0833 0.129523
3.05 0.987047 0.859779 1.08459 0.127268
3.06 0.987273 0.862246 1.08585 0.125026
3.07 0.987497 0.8647 1.08709 0.122796
3.08 0.98772 0.867141 1.08831 0.120579
3.09 0.987942 0.869568 1.0895 0.118373
3.1 0.988162 0.871982 1.09067 0.11618
3.11 0.988381 0.874382 1.09182 0.113999
3.12 0.988599 0.876768 1.09295 0.111831
3.13 0.988816 0.879141 1.09406 0.109676
3.14 0.989032 0.881499 1.09515 0.107533
3.15 0.989246 0.883843 1.09621 0.105403
3.16 0.989459 0.886174 1.09726 0.103286
3.17 0.989671 0.88849 1.09828 0.101181
3.18 0.989881 0.890791 1.09928 0.0990898
3.19 0.99009 0.893079 1.10026 0.0970115
3.2 0.990298 0.895352 1.10122 0.0949462
3.21 0.990505 0.897611 1.10216 0.0928941
3.22 0.99071 0.899855 1.10308 0.0908553
3.23 0.990914 0.902084 1.10398 0.0888297
3.24 0.991116 0.904299 1.10485 0.0868175
3.25 0.991318 0.906499 1.10571 0.0848186
3.26 0.991517 0.908684 1.10655 0.0828332
3.27 0.991716 0.910855 1.10737 0.0808613
3.28 0.991913 0.91301 1.10817 0.078903
3.29 0.992109 0.915151 1.10895 0.0769582
3.3 0.992303 0.917276 1.10971 0.0750271
3.31 0.992497 0.919387 1.11045 0.0731096
3.32 0.992688 0.921482 1.11117 0.0712059
3.33 0.992879 0.923563 1.11187 0.0693159
3.34 0.993068 0.925628 1.11256 0.0674397
3.35 0.993255 0.927678 1.11322 0.0655774
3.36 0.993442 0.929713 1.11387 0.0637289
3.37 0.993626 0.931732 1.1145 0.0618943
3.38 0.99381 0.933736 1.11511 0.0600736
3.39 0.993992 0.935725 1.1157 0.0582669
3.4 0.994173 0.937698 1.11627 0.0564742
3.41 0.994352 0.939656 1.11683 0.0546955
3.42 0.99453 0.941599 1.11736 0.0529308
3.43 0.994706 0.943526 1.11789 0.0511802
3.44 0.994881 0.945438 1.11839 0.0494436
3.45 0.995055 0.947334 1.11887 0.0477212
3.46 0.995227 0.949214 1.11934 0.0460128
3.47 0.995398 0.951079 1.11979 0.0443186
3.48 0.995567 0.952929 1.12023 0.0426385
3.49 0.995735 0.954763 1.12065 0.0409726
3.5 0.995902 0.956581 1.12105 0.0393208
3.51 0.996067 0.958384 1.12143 0.0376833
3.52 0.996231 0.960171 1.1218 0.0360599
3.53 0.996393 0.961943 1.12216 0.0344506
3.54 0.996554 0.963699 1.12249 0.0328556
3.55 0.996714 0.965439 1.12281 0.0312748
3.56 0.996872 0.967164 1.12312 0.0297081
3.57 0.997028 0.968873 1.12341 0.0281557
3.58 0.997184 0.970566 1.12368 0.0266175
3.59 0.997338 0.972244 1.12394 0.0250934
3.6 0.99749 0.973906 1.12418 0.0235836
3.61 0.997641 0.975553 1.12441 0.0220879
3.62 0.997791 0.977184 1.12462 0.0206064
3.63 0.997939 0.9788 1.12482 0.0191391
3.64 0.998085 0.980399 1.12501 0.0176859
3.65 0.998231 0.981984 1.12518 0.0162469
3.66 0.998375 0.983553 1.12533 0.0148221
3.67 0.998517 0.985106 1.12547 0.0134113
3.68 0.998658 0.986643 1.1256 0.0120147
3.69 0.998798 0.988166 1.12571 0.0106322
3.7 0.998936 0.989672 1.12581 0.00926375
3.71 0.999073 0.991164 1.1259 0.00790937
3.72 0.999208 0.992639 1.12597 0.00656904
3.73 0.999342 0.9941 1.12603 0.00524272
3.74 0.999475 0.995545 1.12608 0.00393041
3.75 0.999606 0.996974 1.12611 0.00263208
3.76 0.999736 0.998388 1.12613 0.0013477
3.77 0.999865 0.999787 1.12614 7.72577e-05
3.78 0.999992 1.00117 1.12613 -0.00117928
3.79 1.00012 1.00254 1.12611 -0.00242195
3.8 1.00024 1.00389 1.12608 -0.00365077
3.81 1.00036 1.00523 1.12604 -0.00486576
3.82 1.00049 1.00655 1.12598 -0.00606697
3.83 1.00061 1.00786 1.12592 -0.00725442
3.84 1.00072 1.00915 1.12584 -0.00842814
3.85 1.00084 1.01043 1.12575 -0.00958818
3.86 1.00096 1.01169 1.12565 -0.0107346
3.87 1.00107 1.01294 1.12554 -0.0118673
3.88 1.00119 1.01417 1.12541 -0.0129865
3.89 1.0013 1.01539 1.12528 -0.0140921
3.9 1.00141 1.01659 1.12513 -0.0151842
3.91 1.00152 1.01778 1.12497 -0.0162628
3.92 1.00163 1.01895 1.1248 -0.017328
3.93 1.00173 1.02011 1.12463 -0.0183799
3.94 1.00184 1.02126 1.12444 -0.0194183
3.95 1.00194 1.02238 1.12424 -0.0204435
3.96 1.00204 1.0235 1.12403 -0.0214554
3.97 1.00214 1.0246 1.12381 -0.0224541
3.98 1.00224 1.02568 1.12358 -0.0234396
3.99 1.00234 1.02676 1.12334 -0.024412
4 1.00244 1.02781 1.12309 -0.0253713
4.01 1.00254 1.02885 1.12283 -0.0263176
4.02 1.00263 1.02988 1.12256 -0.0272509
4.03 1.00272 1.0309 1.12229 -0.0281713
4.04 1.00282 1.0319 1.122 -0.0290787
4.05 1.00291 1.03288 1.12171 -0.0299734
4.06 1.003 1.03385 1.1214 -0.0308553
4.07 1.00308 1.03481 1.12109 -0.0317244
4.08 1.00317 1.03575 1.12077 -0.0325809
4.09 1.00326 1.03668 1.12044 -0.0334247
4.1 1.00334 1.0376 1.1201 -0.034256
4.11 1.00342 1.0385 1.11975 -0.0350748
4.12 1.00351 1.03939 1.1194 -0.0358811
4.13 1.00359 1.04026 1.11903 -0.036675
4.14 1.00367 1.04112 1.11866 -0.0374565
4.15 1.00375 1.04197 1.11829 -0.0382258
4.16 1.00382 1.0428 1.1179 -0.0389829
4.17 1.0039 1.04363 1.11751 -0.0397277
4.18 1.00397 1.04443 1.1171 -0.0404605
4.19 1.00405 1.04523 1.1167 -0.0411812
4.2 1.00412 1.04601 1.11628 -0.0418899
4.21 1.00419 1.04678 1.11586 -0.0425867
4.22 1.00426 1.04753 1.11543 -0.0432716
4.23 1.00433 1.04827 1.11499 -0.0439447
4.24 1.00439 1.049 1.11455 -0.0446061
4.25 1.00446 1.04972 1.1141 -0.0452558
4.26 1.00452 1.05042 1.11365 -0.0458938
4.27 1.00459 1.05111 1.11318 -0.0465203
4.28 1.00465 1.05179 1.11272 -0.0471354
4.29 1.00471 1.05245 1.11224 -0.0477389
4.3 1.00477 1.0531 1.11176 -0.0483312
4.31 1.00483 1.05374 1.11127 -0.0489121
4.32 1.00489 1.05437 1.11078 -0.0494818
4.33 1.00495 1.05499 1.11028 -0.0500403
4.34 1.005 1.05559 1.10978 -0.0505878
4.35 1.00506 1.05618 1.10927 -0.0511242
4.36 1.00511 1.05676 1.10876 -0.0516496
4.37 1.00516 1.05733 1.10824 -0.0521642
4.38 1.00522 1.05788 1.10772 -0.0526679
4.39 1.00527 1.05843 1.10719 -0.0531608
4.4 1.00532 1.05896 1.10665 -0.0536431
4.41 1.00536 1.05948 1.10611 -0.0541147
4.42 1.00541 1.05999 1.10557 -0.0545758
4.43 1.00546 1.06048 1.10502 -0.0550265
4.44 1.0055 1.06097 1.10447 -0.0554667
4.45 1.00555 1.06144 1.10391 -0.0558965
4.46 1.00559 1.06191 1.10335 -0.0563161
4.47 1.00563 1.06236 1.10279 -0.0567255
4.48 1.00567 1.0628 1.10222 -0.0571247
4.49 1.00571 1.06323 1.10164 -0.0575139
4.5 1.00575 1.06364 1.10107 -0.0578931
4.51 1.00579 1.06405 1.10049 -0.0582624
4.52 1.00583 1.06445 1.0999 -0.0586219
4.53 1.00586 1.06483 1.09931 -0.0589716
4.54 1.0059 1.06521 1.09872 -0.0593115
4.55 1.00593 1.06557 1.09813 -0.0596419
4.56 1.00596 1.06593 1.09753 -0.0599627
4.57 1.006 1.06627 1.09693 -0.060274
4.58 1.00603 1.0666 1.09632 -0.0605759
4.59 1.00606 1.06693 1.09572 -0.0608685
4.6 1.00609 1.06724 1.09511 -0.0611518
4.61 1.00611 1.06754 1.09449 -0.0614259
4.62 1.00614 1.06783 1.09388 -0.0616909
4.63 1.00617 1.06812 1.09326 -0.0619469
4.64 1.00619 1.06839 1.09264 -0.0621938
4.65 1.00622 1.06865 1.09202 -0.0624319
4.66 1.00624 1.0689 1.09139 -0.0626612
4.67 1.00627 1.06915 1.09076 -0.0628817
4.68 1.00629 1.06938 1.09013 -0.0630936
4.69 1.00631 1.06961 1.0895 -0.0632968
4.7 1.00633 1.06982 1.08887 -0.0634915
4.71 1.00635 1.07003 1.08823 -0.0636778
4.72 1.00637 1.07022 1.08759 -0.0638557
4.73 1.00639 1.07041 1.08695 -0.0640252
4.74 1.0064 1.07059 1.08631 -0.0641866
4.75 1.00642 1.07076 1.08567 -0.0643398
4.76 1.00643 1.07092 1.08503 -0.0644849
4.77 1.00645 1.07107 1.08438 -0.064622
4.78 1.00646 1.07121 1.08373 -0.0647512
4.79 1.00647 1.07135 1.08309 -0.0648725
4.8 1.00649 1.07147 1.08244 -0.064986
4.81 1.0065 1.07159 1.08179 -0.0650918
4.82 1.00651 1.0717 1.08114 -0.06519
4.83 1.00652 1.0718 1.08048 -0.0652806
4.84 1.00653 1.07189 1.07983 -0.0653637
4.85 1.00654 1.07198 1.07918 -0.0654394
4.86 1.00654 1.07205 1.07852 -0.0655077
4.87 1.00655 1.07212 1.07787 -0.0655688
4.88 1.00656 1.07218 1.07721 -0.0656227
4.89 1.00656 1.07223 1.07655 -0.0656695
4.9 1.00657 1.07228 1.0759 -0.0657092
4.91 1.00657 1.07231 1.07524 -0.0657419
4.92 1.00657 1.07234 1.07458 -0.0657677
4.93 1.00658 1.07236 1.07392 -0.0657867
4.94 1.00658 1.07238 1.07327 -0.065799
4.95 1.00658 1.07238 1.07261 -0.0658046
4.96 1.00658 1.07238 1.07195 -0.0658035
4.97 1.00658 1.07238 1.07129 -0.0657959
4.98 1.00658 1.07236 1.07063 -0.0657819
4.99 1.00658 1.07234 1.06998 -0.0657614
5 1.00658 1.07231 1.06932 -0.0657346
5.01 1.00657 1.07227 1.06866 -0.0657016
5.02 1.00657 1.07223 1.068 -0.0656624
5.03 1.00657 1.07218 1.06735 -0.0656171
5.04 1.00656 1.07213 1.06669 -0.0655658
5.05 1.00656 1.07206 1.06604 -0.0655085
5.06 1.00655 1.072 1.06538 -0.0654452
5.07 1.00654 1.07192 1.06473 -0.0653762
5.08 1.00654 1.07184 1.06407 -0.0653014
5.09 1.00653 1.07175 1.06342 -0.065221
5.1 1.00652 1.07166 1.06277 -0.0651349
5.11 1.00651 1.07156 1.06212 -0.0650433
5.12 1.0065 1.07145 1.06147 -0.0649462
5.13 1.00649 1.07134 1.06082 -0.0648437
5.14 1.00648 1.07122 1.06017 -0.0647359
5.15 1.00647 1.0711 1.05953 -0.0646228
5.16 1.00646 1.07097 1.05888 -0.0645045
5.17 1.00645 1.07083 1.05824 -0.0643811
5.18 1.00644 1.07069 1.05759 -0.0642526
5.19 1.00643 1.07054 1.05695 -0.0641192
5.2 1.00641 1.07039 1.05631 -0.0639808
5.21 1.0064 1.07024 1.05567 -0.0638376
5.22 1.00638 1.07007 1.05503 -0.0636896
5.23 1.00637 1.06991 1.0544 -0.0635368
5.24 1.00635 1.06973 1.05376 -0.0633794
5.25 1.00634 1.06956 1.05313 -0.0632175
5.26 1.00632 1.06937 1.0525 -0.063051
5.27 1.0063 1.06918 1.05187 -0.06288
5.28 1.00629 1.06899 1.05124 -0.0627047
5.29 1.00627 1.0688 1.05061 -0.062525
5.3 1.00625 1.06859 1.04999 -0.0623411
5.31 1.00623 1.06839 1.04937 -0.062153
5.32 1.00622 1.06818 1.04875 -0.0619608
5.33 1.0062 1.06796 1.04813 -0.0617645
5.34 1.00618 1.06774 1.04751 -0.0615642
5.35 1.00616 1.06752 1.0469 -0.0613599
5.36 1.00614 1.06729 1.04629 -0.0611518
5.37 1.00611 1.06705 1.04567 -0.0609399
5.38 1.00609 1.06682 1.04507 -0.0607243
5.39 1.00607 1.06658 1.04446 -0.0605049
5.4 1.00605 1.06633 1.04386 -0.060282
5.41 1.00603 1.06608 1.04325 -0.0600554
5.42 1.00601 1.06583 1.04266 -0.0598254
5.43 1.00598 1.06557 1.04206 -0.059592
5.44 1.00596 1.06531 1.04146 -0.0593551
5.45 1.00594 1.06505 1.04087 -0.059115
5.46 1.00591 1.06478 1.04028 -0.0588716
5.47 1.00589 1.06451 1.03969 -0.058625
5.48 1.00586 1.06424 1.03911 -0.0583752
5.49 1.00584 1.06396 1.03853 -0.0581224
5.5 1.00581 1.06368 1.03795 -0.0578666
5.51 1.00579 1.06339 1.03737 -0.0576078
5.52 1.00576 1.06311 1.03679 -0.0573461
5.53 1.00573 1.06282 1.03622 -0.0570816
5.54 1.00571 1.06252 1.03565 -0.0568142
5.55 1.00568 1.06223 1.03509 -0.0565442
5.56 1.00565 1.06193 1.03452 -0.0562715
5.57 1.00563 1.06162 1.03396 -0.0559961
5.58 1.0056 1.06132 1.0334 -0.0557182
5.59 1.00557 1.06101 1.03285 -0.0554378
5.6 1.00554 1.0607 1.03229 -0.055155
5.61 1.00552 1.06039 1.03174 -0.0548698
5.62 1.00549 1.06007 1.0312 -0.0545822
5.63 1.00546 1.05975 1.03065 -0.0542923
5.64 1.00543 1.05943 1.03011 -0.0540002
5.65 1.0054 1.05911 1.02957 -0.0537059
5.66 1.00537 1.05878 1.02904 -0.0534096
5.67 1.00534 1.05845 1.0285 -0.0531111
5.68 1.00531 1.05812 1.02797 -0.0528106
5.69 1.00528 1.05779 1.02745 -0.0525081
5.7 1.00525 1.05745 1.02692 -0.0522038
5.71 1.00522 1.05712 1.0264 -0.0518975
5.72 1.00519 1.05678 1.02589 -0.0515895
5.73 1.00516 1.05644 1.02537 -0.0512797
5.74 1.00513 1.0561 1.02486 -0.0509682
5.75 1.0051 1.05575 1.02435 -0.050655
5.76 1.00507 1.05541 1.02385 -0.0503402
5.77 1.00503 1.05506 1.02334 -0.0500238
5.78 1.005 1.05471 1.02285 -0.049706
5.79 1.00497 1.05436 1.02235 -0.0493866
5.8 1.00494 1.054 1.02186 -0.0490658
5.81 1.00491 1.05365 1.02137 -0.0487437
5.82 1.00487 1.05329 1.02088 -0.0484203
5.83 1.00484 1.05294 1.0204 -0.0480955
5.84 1.00481 1.05258 1.01992 -0.0477695
5.85 1.00478 1.05222 1.01945 -0.0474424
5.86 1.00474 1.05186 1.01897 -0.0471141
5.87 1.00471 1.0515 1.0185 -0.0467847
5.88 1.00468 1.05113 1.01804 -0.0464543
5.89 1.00465 1.05077 1.01757 -0.0461228
5.9 1.00461 1.0504 1.01711 -0.0457904
5.91 1.00458 1.05004 1.01666 -0.0454571
5.92 1.00455 1.04967 1.01621 -0.0451229
5.93 1.00451 1.0493 1.01576 -0.0447878
5.94 1.00448 1.04893 1.01531 -0.044452
5.95 1.00445 1.04856 1.01487 -0.0441154
5.96 1.00441 1.04819 1.01443 -0.0437782
5.97 1.00438 1.04782 1.01399 -0.0434402
5.98 1.00434 1.04745 1.01356 -0.0431016
5.99 1.00431 1.04707 1.01313 -0.0427625
6 1.00428 1.0467 1.0127 -0.0424228
6.01 1.00424 1.04632 1.01228 -0.0420826
6.02 1.00421 1.04595 1.01186 -0.0417419
6.03 1.00417 1.04558 1.01145 -0.0414008
6.04 1.00414 1.0452 1.01103 -0.0410594
6.05 1.00411 1.04482 1.01062 -0.0407176
6.06 1.00407 1.04445 1.01022 -0.0403754
6.07 1.00404 1.04407 1.00982 -0.040033
6.08 1.004 1.04369 1.00942 -0.0396904
6.09 1.00397 1.04332 1.00902 -0.0393475
6.1 1.00393 1.04294 1.00863 -0.0390045
6.11 1.0039 1.04256 1.00824 -0.0386614
6.12 1.00387 1.04218 1.00786 -0.0383182
6.13 1.00383 1.04181 1.00748 -0.0379749
6.14 1.0038 1.04143 1.0071 -0.0376316
6.15 1.00376 1.04105 1.00672 -0.0372883
6.16 1.00373 1.04067 1.00635 -0.0369451
6.17 1.00369 1.0403 1.00599 -0.0366019
6.18 1.00366 1.03992 1.00562 -0.0362589
6.19 1.00363 1.03954 1.00526 -0.035916
6.2 1.00359 1.03916 1.0049 -0.0355733
6.21 1.00356 1.03879 1.00455 -0.0352308
6.22 1.00352 1.03841 1.0042 -0.0348885
6.23 1.00349 1.03804 1.00385 -0.0345465
6.24 1.00345 1.03766 1.00351 -0.0342048
6.25 1.00342 1.03728 1.00317 -0.0338635
6.26 1.00339 1.03691 1.00283 -0.0335225
6.27 1.00335 1.03653 1.0025 -0.0331819
6.28 1.00332 1.03616 1.00217 -0.0328418
6.29 1.00328 1.03579 1.00184 -0.0325021
6.3 1.00325 1.03541 1.00152 -0.0321628
6.31 1.00322 1.03504 1.0012 -0.0318241
6.32 1.00318 1.03467 1.00088 -0.031486
6.33 1.00315 1.0343 1.00057 -0.0311484
6.34 1.00311 1.03393 1.00026 -0.0308114
6.35 1.00308 1.03356 0.999951 -0.030475
6.36 1.00305 1.03319 0.999647 -0.0301393
6.37 1.00301 1.03282 0.999348 -0.0298042
6.38 1.00298 1.03245 0.999051 -0.0294699
6.39 1.00295 1.03208 0.998758 -0.0291363
6.4 1.00291 1.03172 0.998469 -0.0288034
6.41 1.00288 1.03135 0.998182 -0.0284713
6.42 1.00285 1.03099 0.997899 -0.02814
6.43 1.00281 1.03062 0.997619 -0.0278096
6.44 1.00278 1.03026 0.997343 -0.02748
6.45 1.00275 1.0299 0.99707 -0.0271512
6.46 1.00272 1.02954 0.9968 -0.0268234
6.47 1.00268 1.02918 0.996533 -0.0264965
6.48 1.00265 1.02882 0.99627 -0.0261705
6.49 1.00262 1.02846 0.99601 -0.0258455
6.5 1.00258 1.02811 0.995753 -0.0255214
6.51 1.00255 1.02775 0.9955 -0.0251984
6.52 1.00252 1.0274 0.995249 -0.0248764
6.53 1.00249 1.02704 0.995002 -0.0245555
6.54 1.00246 1.02669 0.994758 -0.0242356
6.55 1.00242 1.02634 0.994517 -0.0239168
6.56 1.00239 1.02599 0.99428 -0.0235992
6.57 1.00236 1.02564 0.994045 -0.0232826
6.58 1.00233 1.0253 0.993814 -0.0229672
6.59 1.0023 1.02495 0.993586 -0.022653
6.6 1.00227 1.02461 0.993361 -0.02234
6.61 1.00223 1.02426 0.993139 -0.0220281
6.62 1.0022 1.02392 0.99292 -0.0217175
6.63 1.00217 1.02358 0.992705 -0.0214081
6.64 1.00214 1.02324 0.992492 -0.0211
6.65 1.00211 1.0229 0.992283 -0.0207932
6.66 1.00208 1.02257 0.992076 -0.0204876
6.67 1.00205 1.02223 0.991873 -0.0201834
6.68 1.00202 1.0219 0.991673 -0.0198804
6.69 1.00199 1.02157 0.991475 -0.0195788
6.7 1.00196 1.02124 0.991281 -0.0192786
6.71 1.00193 1.02091 0.99109 -0.0189797
6.72 1.0019 1.02058 0.990901 -0.0186823
6.73 1.00187 1.02025 0.990716 -0.0183862
6.74 1.00184 1.01993 0.990534 -0.0180915
6.75 1.00181 1.01961 0.990354 -0.0177983
6.76 1.00178 1.01929 0.990178 -0.0175064
6.77 1.00175 1.01897 0.990004 -0.0172161
6.78 1.00172 1.01865 0.989833 -0.0169272
6.79 1.00169 1.01833 0.989666 -0.0166398
6.8 1.00166 1.01802 0.989501 -0.0163539
6.81 1.00164 1.0177 0.989339 -0.0160694
6.82 1.00161 1.01739 0.989179 -0.0157865
6.83 1.00158 1.01708 0.989023 -0.0155052
6.84 1.00155 1.01678 0.988869 -0.0152253
6.85 1.00152 1.01647 0.988718 -0.014947
6.86 1.00149 1.01617 0.98857 -0.0146703
6.87 1.00147 1.01586 0.988425 -0.0143951
6.88 1.00144 1.01556 0.988282 -0.0141216
6.89 1.00141 1.01526 0.988142 -0.0138496
6.9 1.00139 1.01496 0.988005 -0.0135792
6.91 1.00136 1.01467 0.987871 -0.0133104
6.92 1.00133 1.01437 0.987739 -0.0130432
6.93 1.0013 1.01408 0.98761 -0.0127777
6.94 1.00128 1.01379 0.987484 -0.0125138
6.95 1.00125 1.0135 0.98736 -0.0122515
6.96 1.00123 1.01322 0.987238 -0.0119909
6.97 1.0012 1.01293 0.98712 -0.011732
6.98 1.00117 1.01265 0.987004 -0.0114747
6.99 1.00115 1.01237 0.98689 -0.0112191
7 1.00112 1.01209 0.986779 -0.0109652
7.01 1.0011 1.01181 0.986671 -0.010713
7.02 1.00107 1.01153 0.986565 -0.0104624
7.03 1.00105 1.01126 0.986462 -0.0102136
7.04 1.00102 1.01099 0.986361 -0.00996646
7.05 1.001 1.01072 0.986262 -0.00972105
7.06 1.00097 1.01045 0.986166 -0.00947736
7.07 1.00095 1.01018 0.986073 -0.00923539
7.08 1.00092 1.00992 0.985982 -0.00899515
7.09 1.0009 1.00966 0.985893 -0.00875665
7.1 1.00088 1.0094 0.985807 -0.00851989
7.11 1.00085 1.00914 0.985723 -0.00828487
7.12 1.00083 1.00888 0.985641 -0.00805161
7.13 1.00081 1.00863 0.985562 -0.00782009
7.14 1.00078 1.00837 0.985484 -0.00759033
7.15 1.00076 1.00812 0.98541 -0.00736233
7.16 1.00074 1.00787 0.985337 -0.0071361
7.17 1.00071 1.00763 0.985267 -0.00691163
7.18 1.00069 1.00738 0.985199 -0.00668893
7.19 1.00067 1.00714 0.985133 -0.00646801
7.2 1.00065 1.0069 0.98507 -0.00624886
7.21 1.00062 1.00666 0.985008 -0.00603149
7.22 1.0006 1.00642 0.984949 -0.0058159
7.23 1.00058 1.00618 0.984892 -0.00560209
7.24 1.00056 1.00595 0.984837 -0.00539006
7.25 1.00054 1.00572 0.984784 -0.00517982
7.26 1.00052 1.00549 0.984733 -0.00497136
7.27 1.0005 1.00526 0.984685 -0.0047647
7.28 1.00048 1.00504 0.984638 -0.00455982
7.29 1.00046 1.00481 0.984593 -0.00435673
7.3 1.00044 1.00459 0.984551 -0.00415543
7.31 1.00042 1.00437 0.98451 -0.00395592
7.32 1.0004 1.00415 0.984472 -0.00375821
7.33 1.00038 1.00394 0.984435 -0.00356228
7.34 1.00036 1.00372 0.9844 -0.00336815
7.35 1.00034 1.00351 0.984368 -0.0031758
7.36 1.00032 1.0033 0.984337 -0.00298525
7.37 1.0003 1.0031 0.984308 -0.00279648
7.38 1.00028 1.00289 0.984281 -0.00260951
7.39 1.00026 1.00269 0.984256 -0.00242432
7.4 1.00024 1.00248 0.984233 -0.00224092
7.41 1.00022 1.00228 0.984211 -0.0020593
7.42 1.00021 1.00209 0.984191 -0.00187947
7.43 1.00019 1.00189 0.984173 -0.00170142
7.44 1.00017 1.0017 0.984157 -0.00152514
7.45 1.00015 1.0015 0.984143 -0.00135065
7.46 1.00014 1.00131 0.98413 -0.00117794
7.47 1.00012 1.00112 0.984119 -0.001007
7.48 1.0001 1.00094 0.98411 -0.000837825
7.49 1.00008 1.00075 0.984103 -0.000670425
7.5 1.00007 1.00057 0.984097 -0.00050479
7.51 1.00005 1.00039 0.984092 -0.000340919
7.52 1.00003 1.00021 0.98409 -0.000178809
7.53 1.00002 1.00004 0.984089 -1.84555e-05
7.54 1 0.999862 0.98409 0.000140143
7.55 0.999986 0.999689 0.984092 0.000296992
7.56 0.99997 0.999518 0.984095 0.000452093
7.57 0.999955 0.999349 0.984101 0.000605451
7.58 0.99994 0.999182 0.984108 0.000757069
7.59 0.999924 0.999017 0.984116 0.000906951
7.6 0.999909 0.998854 0.984126 0.0010551
7.61 0.999895 0.998693 0.984137 0.00120153
7.62 0.99988 0.998534 0.98415 0.00134623
7.63 0.999865 0.998376 0.984164 0.00148921
7.64 0.999851 0.998221 0.984179 0.00163048
7.65 0.999837 0.998067 0.984196 0.00177003
7.66 0.999823 0.997915 0.984215 0.00190789
7.67 0.999809 0.997765 0.984235 0.00204404
7.68 0.999796 0.997617 0.984256 0.0021785
7.69 0.999782 0.997471 0.984278 0.00231128
7.7 0.999769 0.997327 0.984302 0.00244236
7.71 0.999756 0.997184 0.984327 0.00257177
7.72 0.999743 0.997043 0.984353 0.00269951
7.73 0.99973 0.996905 0.984381 0.00282557
7.74 0.999718 0.996768 0.98441 0.00294998
7.75 0.999705 0.996632 0.98444 0.00307273
7.76 0.999693 0.996499 0.984471 0.00319383
7.77 0.999681 0.996367 0.984504 0.00331329
7.78 0.999669 0.996238 0.984538 0.0034311
7.79 0.999657 0.99611 0.984572 0.00354729
7.8 0.999645 0.995984 0.984609 0.00366185
7.81 0.999634 0.995859 0.984646 0.00377479
7.82 0.999623 0.995736 0.984684 0.00388612
7.83 0.999611 0.995616 0.984723 0.00399585
7.84 0.9996 0.995497 0.984764 0.00410397
7.85 0.99959 0.995379 0.984805 0.0042105
7.86 0.999579 0.995264 0.984848 0.00431545
7.87 0.999569 0.99515 0.984892 0.00441881
7.88 0.999558 0.995038 0.984936 0.00452061
7.89 0.999548 0.994927 0.984982 0.00462084
7.9 0.999538 0.994818 0.985029 0.00471951
7.91 0.999528 0.994711 0.985077 0.00481663
7.92 0.999518 0.994606 0.985125 0.00491221
7.93 0.999509 0.994503 0.985175 0.00500626
7.94 0.999499 0.994401 0.985225 0.00509877
7.95 0.99949 0.9943 0.985277 0.00518977
7.96 0.999481 0.994202 0.985329 0.00527925
7.97 0.999472 0.994105 0.985382 0.00536723
7.98 0.999463 0.99401 0.985436 0.0054537
7.99 0.999455 0.993916 0.985491 0.00553869
8 0.999446 0.993824 0.985547 0.0056222
8.01 0.999438 0.993734 0.985604 0.00570423
8.02 0.99943 0.993645 0.985661 0.0057848
8.03 0.999422 0.993558 0.98572 0.00586391
8.04 0.999414 0.993472 0.985779 0.00594157
8.05 0.999406 0.993388 0.985838 0.00601778
8.06 0.999398 0.993306 0.985899 0.00609257
8.07 0.999391 0.993225 0.98596 0.00616592
8.08 0.999383 0.993146 0.986022 0.00623786
8.09 0.999376 0.993068 0.986085 0.00630839
8.1 0.999369 0.992992 0.986148 0.00637753
8.11 0.999362 0.992917 0.986213 0.00644526
8.12 0.999356 0.992844 0.986277 0.00651162
8.13 0.999349 0.992772 0.986343 0.0065766
8.14 0.999342 0.992702 0.986409 0.00664022
8.15 0.999336 0.992634 0.986476 0.00670247
8.16 0.99933 0.992566 0.986543 0.00676338
8.17 0.999324 0.992501 0.986611 0.00682295
8.18 0.999318 0.992437 0.986679 0.00688118
8.19 0.999312 0.992374 0.986748 0.0069381
8.2 0.999306 0.992313 0.986818 0.0069937
8.21 0.999301 0.992253 0.986888 0.00704799
8.22 0.999295 0.992194 0.986959 0.00710099
8.23 0.99929 0.992137 0.98703 0.0071527
8.24 0.999285 0.992082 0.987102 0.00720313
8.25 0.99928 0.992027 0.987174 0.0072523
8.26 0.999275 0.991975 0.987247 0.0073002
8.27 0.99927 0.991923 0.98732 0.00734685
8.28 0.999265 0.991873 0.987394 0.00739226
8.29 0.999261 0.991824 0.987468 0.00743644
8.3 0.999256 0.991777 0.987543 0.00747939
8.31 0.999252 0.991731 0.987618 0.00752113
8.32 0.999248 0.991686 0.987693 0.00756166
8.33 0.999244 0.991643 0.987769 0.00760099
8.34 0.99924 0.991601 0.987845 0.00763914
8.35 0.999236 0.99156 0.987922 0.00767611
8.36 0.999232 0.991521 0.987999 0.00771191
8.37 0.999229 0.991482 0.988076 0.00774655
8.38 0.999225 0.991445 0.988154 0.00778004
8.39 0.999222 0.99141 0.988232 0.00781239
8.4 0.999219 0.991375 0.98831 0.00784361
8.41 0.999216 0.991342 0.988388 0.0078737
8.42 0.999213 0.99131 0.988467 0.00790268
8.43 0.99921 0.991279 0.988547 0.00793056
8.44 0.999207 0.99125 0.988626 0.00795734
8.45 0.999204 0.991221 0.988706 0.00798304
8.46 0.999202 0.991194 0.988786 0.00800766
8.47 0.999199 0.991168 0.988866 0.00803121
8.48 0.999197 0.991143 0.988946 0.00805371
8.49 0.999195 0.99112 0.989027 0.00807516
8.5 0.999193 0.991097 0.989108 0.00809557
8.51 0.99919 0.991076 0.989189 0.00811495
8.52 0.999189 0.991055 0.98927 0.00813331
8.53 0.999187 0.991036 0.989351 0.00815066
8.54 0.999185 0.991018 0.989433 0.008167
8.55 0.999183 0.991001 0.989515 0.00818236
8.56 0.999182 0.990985 0.989597 0.00819673
8.57 0.99918 0.99097 0.989679 0.00821013
8.58 0.999179 0.990956 0.989761 0.00822257
8.59 0.999178 0.990944 0.989843 0.00823405
8.6 0.999177 0.990932 0.989926 0.00824458
8.61 0.999176 0.990921 0.990008 0.00825418
8.62 0.999175 0.990912 0.990091 0.00826286
8.63 0.999174 0.990903 0.990173 0.00827061
8.64 0.999173 0.990896 0.990256 0.00827746
8.65 0.999172 0.990889 0.990339 0.0082834
8.66 0.999172 0.990883 0.990422 0.00828846
8.67 0.999171 0.990879 0.990505 0.00829264
8.68 0.999171 0.990875 0.990588 0.00829595
8.69 0.99917 0.990872 0.990671 0.00829839
8.7 0.99917 0.99087 0.990754 0.00829998
8.71 0.99917 0.990869 0.990837 0.00830073
8.72 0.99917 0.990869 0.99092 0.00830064
8.73 0.99917 0.99087 0.991003 0.00829973
8.74 0.99917 0.990872 0.991086 0.008298
8.75 0.99917 0.990875 0.991168 0.00829547
8.76 0.99917 0.990878 0.991251 0.00829213
8.77 0.999171 0.990883 0.991334 0.00828801
8.78 0.999171 0.990888 0.991417 0.00828311
8.79 0.999172 0.990894 0.9915 0.00827743
8.8 0.999172 0.990901 0.991583 0.008271
8.81 0.999173 0.990909 0.991665 0.00826381
8.82 0.999174 0.990918 0.991748 0.00825588
8.83 0.999174 0.990927 0.991831 0.00824721
8.84 0.999175 0.990938 0.991913 0.00823781
8.85 0.999176 0.990949 0.991995 0.0082277
8.86 0.999177 0.99096 0.992077 0.00821688
8.87 0.999178 0.990973 0.99216 0.00820537
8.88 0.999179 0.990986 0.992242 0.00819316
8.89 0.999181 0.991 0.992323 0.00818027
8.9 0.999182 0.991015 0.992405 0.0081667
8.91 0.999183 0.991031 0.992487 0.00815247
8.92 0.999185 0.991047 0.992568 0.00813759
8.93 0.999186 0.991064 0.99265 0.00812206
8.94 0.999188 0.991082 0.992731 0.00810589
8.95 0.999189 0.9911 0.992812 0.00808909
8.96 0.999191 0.991119 0.992892 0.00807166
8.97 0.999193 0.991139 0.992973 0.00805363
8.98 0.999195 0.99116 0.993054 0.00803499
8.99 0.999197 0.991181 0.993134 0.00801576
9 0.999198 0.991203 0.993214 0.00799594
9.01 0.9992 0.991225 0.993294 0.00797553
9.02 0.999202 0.991248 0.993373 0.00795456
9.03 0.999205 0.991272 0.993453 0.00793303
9.04 0.999207 0.991296 0.993532 0.00791094
9.05 0.999209 0.991321 0.993611 0.00788831
9.06 0.999211 0.991346 0.99369 0.00786514
9.07 0.999214 0.991372 0.993768 0.00784144
9.08 0.999216 0.991399 0.993847 0.00781722
9.09 0.999218 0.991426 0.993925 0.00779249
9.1 0.999221 0.991454 0.994002 0.00776725
9.11 0.999223 0.991482 0.99408 0.00774151
9.12 0.999226 0.991511 0.994157 0.00771529
9.13 0.999228 0.99154 0.994234 0.00768858
9.14 0.999231 0.99157 0.994311 0.0076614
9.15 0.999234 0.9916 0.994388 0.00763376
9.16 0.999237 0.991631 0.994464 0.00760566
9.17 0.999239 0.991662 0.99454 0.00757711
9.18 0.999242 0.991694 0.994615 0.00754812
9.19 0.999245 0.991727 0.994691 0.00751869
9.2 0.999248 0.991759 0.994766 0.00748884
9.21 0.999251 0.991793 0.99484 0.00745857
9.22 0.999254 0.991826 0.994915 0.00742789
9.23 0.999257 0.99186 0.994989 0.0073968
9.24 0.99926 0.991895 0.995063 0.00736532
9.25 0.999263 0.99193 0.995136 0.00733345
9.26 0.999267 0.991965 0.995209 0.0073012
9.27 0.99927 0.992001 0.995282 0.00726858
9.28 0.999273 0.992038 0.995355 0.00723559
9.29 0.999276 0.992074 0.995427 0.00720224
9.3 0.99928 0.992111 0.995499 0.00716854
9.31 0.999283 0.992149 0.99557 0.00713449
9.32 0.999287 0.992186 0.995641 0.00710011
9.33 0.99929 0.992225 0.995712 0.00706539
9.34 0.999293 0.992263 0.995783 0.00703036
9.35 0.999297 0.992302 0.995853 0.006995
9.36 0.999301 0.992341 0.995923 0.00695934
9.37 0.999304 0.992381 0.995992 0.00692338
9.38 0.999308 0.992421 0.996061 0.00688712
9.39 0.999311 0.992461 0.99613 0.00685057
9.4 0.999315 0.992501 0.996198 0.00681374
9.41 0.999319 0.992542 0.996266 0.00677663
9.42 0.999322 0.992583 0.996334 0.00673926
9.43 0.999326 0.992624 0.996401 0.00670162
9.44 0.99933 0.992666 0.996468 0.00666373
9.45 0.999334 0.992708 0.996534 0.00662559
9.46 0.999337 0.99275 0.9966 0.00658721
9.47 0.999341 0.992793 0.996666 0.0065486
9.48 0.999345 0.992835 0.996731 0.00650975
9.49 0.999349 0.992878 0.996796 0.00647068
9.5 0.999353 0.992922 0.996861 0.0064314
9.51 0.999357 0.992965 0.996925 0.00639191
9.52 0.999361 0.993009 0.996988 0.00635221
9.53 0.999365 0.993052 0.997052 0.00631231
9.54 0.999369 0.993097 0.997115 0.00627222
9.55 0.999373 0.993141 0.997177 0.00623195
9.56 0.999377 0.993185 0.997239 0.0061915
9.57 0.999381 0.99323 0.997301 0.00615087
9.58 0.999385 0.993275 0.997362 0.00611008
9.59 0.999389 0.99332 0.997423 0.00606913
9.6 0.999393 0.993365 0.997484 0.00602802
9.61 0.999397 0.99341 0.997544 0.00598676
9.62 0.999401 0.993456 0.997603 0.00594535
9.63 0.999405 0.993502 0.997663 0.00590381
9.64 0.99941 0.993547 0.997722 0.00586213
9.65 0.999414 0.993593 0.99778 0.00582033
9.66 0.999418 0.99364 0.997838 0.00577841
9.67 0.999422 0.993686 0.997896 0.00573636
9.68 0.999426 0.993732 0.997953 0.00569421
9.69 0.999431 0.993779 0.998009 0.00565196
9.7 0.999435 0.993825 0.998066 0.0056096
9.71 0.999439 0.993872 0.998122 0.00556715
9.72 0.999443 0.993919 0.998177 0.00552461
9.73 0.999448 0.993966 0.998232 0.00548198
9.74 0.999452 0.994013 0.998287 0.00543928
9.75 0.999456 0.99406 0.998341 0.0053965
9.76 0.99946 0.994107 0.998395 0.00535366
9.77 0.999465 0.994154 0.998448 0.00531075
9.78 0.999469 0.994201 0.998501 0.00526778
9.79 0.999473 0.994248 0.998553 0.00522475
9.8 0.999478 0.994296 0.998605 0.00518168
9.81 0.999482 0.994343 0.998657 0.00513857
9.82 0.999486 0.994391 0.998708 0.00509541
9.83 0.99949 0.994438 0.998759 0.00505222
9.84 0.999495 0.994486 0.998809 0.005009
9.85 0.999499 0.994533 0.998859 0.00496576
9.86 0.999503 0.994581 0.998908 0.00492249
9.87 0.999508 0.994629 0.998957 0.00487921
9.88 0.999512 0.994676 0.999006 0.00483591
9.89 0.999516 0.994724 0.999054 0.00479261
9.9 0.999521 0.994771 0.999102 0.00474931
9.91 0.999525 0.994819 0.999149 0.004706
9.92 0.999529 0.994867 0.999196 0.00466271
9.93 0.999534 0.994914 0.999242 0.00461942
9.94 0.999538 0.994962 0.999288 0.00457615
9.95 0.999542 0.995009 0.999334 0.00453289
9.96 0.999547 0.995057 0.999379 0.00448966
9.97 0.999551 0.995105 0.999424 0.00444645
9.98 0.999555 0.995152 0.999468 0.00440328
9.99 0.99956 0.9952 0.999512 0.00436014
10 0.999564 0.995247 0.999555 0.00431703
