time V1 V2 I
0 0.99005 4.975e-05 0.00995
0.01 0.980199 9.90025e-05 0.0198005
0.02 0.970447 0.000147763 0.0295525
0.03 0.960793 0.000196035 0.039207
0.04 0.951235 0.000243825 0.0487649
0.05 0.941773 0.000291136 0.0582273
0.06 0.932405 0.000337975 0.067595
0.07 0.923131 0.000384346 0.0768691
0.08 0.91395 0.000430252 0.0860504
0.09 0.90486 0.0004757 0.09514
0.1 0.895861 0.000520693 0.104139
0.11 0.886953 0.000565236 0.113047
0.12 0.878133 0.000609334 0.121867
0.13 0.869402 0.000652991 0.130598
0.14 0.860758 0.000696211 0.139242
0.15 0.8522 0.000738999 0.1478
0.16 0.843728 0.000781359 0.156272
0.17 0.835341 0.000823296 0.164659
0.18 0.827037 0.000864813 0.172963
0.19 0.818817 0.000905915 0.181183
0.2 0.810679 0.000946606 0.189321
0.21 0.802622 0.00098689 0.197378
0.22 0.794646 0.00102677 0.205354
0.23 0.786749 0.00106625 0.213251
0.24 0.778932 0.00110534 0.221068
0.25 0.771192 0.00114404 0.228808
0.26 0.76353 0.00118235 0.23647
0.27 0.755945 0.00122028 0.244055
0.28 0.748435 0.00125782 0.251565
0.29 0.741001 0.001295 0.258999
0.3 0.733641 0.0013318 0.266359
0.31 0.726354 0.00136823 0.273646
0.32 0.719141 0.0014043 0.280859
0.33 0.711999 0.00144 0.288001
0.34 0.704929 0.00147535 0.295071
0.35 0.69793 0.00151035 0.30207
0.36 0.691 0.001545 0.309
0.37 0.68414 0.0015793 0.31586
0.38 0.677349 0.00161326 0.322651
0.39 0.670625 0.00164687 0.329375
0.4 0.663969 0.00168015 0.336031
0.41 0.657379 0.0017131 0.342621
0.42 0.650855 0.00174572 0.349145
0.43 0.644397 0.00177802 0.355603
0.44 0.638003 0.00180999 0.361997
0.45 0.631673 0.00184164 0.368327
0.46 0.625406 0.00187297 0.374594
0.47 0.619202 0.00190399 0.380798
0.48 0.613059 0.0019347 0.386941
0.49 0.606979 0.00196511 0.393021
0.5 0.600959 0.00199521 0.399041
0.51 0.594999 0.002025 0.405001
0.52 0.589099 0.0020545 0.410901
0.53 0.583258 0.00208371 0.416742
0.54 0.577475 0.00211262 0.422525
0.55 0.57175 0.00214125 0.42825
0.56 0.566083 0.00216959 0.433917
0.57 0.560472 0.00219764 0.439528
0.58 0.554917 0.00222541 0.445083
0.59 0.549418 0.00225291 0.450582
0.6 0.543974 0.00228013 0.456026
0.61 0.538584 0.00230708 0.461416
0.62 0.533248 0.00233376 0.466752
0.63 0.527965 0.00236017 0.472035
0.64 0.522735 0.00238632 0.477265
0.65 0.517558 0.00241221 0.482442
0.66 0.512432 0.00243784 0.487568
0.67 0.507358 0.00246321 0.492642
0.68 0.502334 0.00248833 0.497666
0.69 0.497361 0.0025132 0.502639
0.7 0.492437 0.00253782 0.507563
0.71 0.487562 0.00256219 0.512438
0.72 0.482737 0.00258632 0.517263
0.73 0.477959 0.0026102 0.522041
0.74 0.473229 0.00263385 0.526771
0.75 0.468547 0.00265727 0.531453
0.76 0.463911 0.00268044 0.536089
0.77 0.459322 0.00270339 0.540678
0.78 0.454779 0.00272611 0.545221
0.79 0.450281 0.0027486 0.549719
0.8 0.445828 0.00277086 0.554172
0.81 0.441419 0.0027929 0.558581
0.82 0.437055 0.00281472 0.562945
0.83 0.432734 0.00283633 0.567266
0.84 0.428457 0.00285772 0.571543
0.85 0.424222 0.00287889 0.575778
0.86 0.42003 0.00289985 0.57997
0.87 0.415879 0.0029206 0.584121
0.88 0.41177 0.00294115 0.58823
0.89 0.407703 0.00296149 0.592297
0.9 0.403675 0.00298162 0.596325
0.91 0.399689 0.00300156 0.600311
0.92 0.395741 0.00302129 0.604259
0.93 0.391834 0.00304083 0.608166
0.94 0.387965 0.00306017 0.612035
0.95 0.384136 0.00307932 0.615864
0.96 0.380344 0.00309828 0.619656
0.97 0.376591 0.00311705 0.623409
0.98 0.372874 0.00313563 0.627126
0.99 0.369196 0.00315402 0.630804
1 0.365553 0.00317223 0.634447
1.01 0.361948 0.00319026 0.638052
1.02 0.358378 0.00320811 0.641622
1.03 0.354844 0.00322578 0.645156
1.04 0.351346 0.00324327 0.648654
1.05 0.347882 0.00326059 0.652118
1.06 0.344453 0.00327774 0.655547
1.07 0.341058 0.00329471 0.658942
1.08 0.337698 0.00331151 0.662302
1.09 0.33437 0.00332815 0.66563
1.1 0.331077 0.00334462 0.668923
1.11 0.327816 0.00336092 0.672184
1.12 0.324587 0.00337706 0.675413
1.13 0.321391 0.00339304 0.678609
1.14 0.318227 0.00340886 0.681773
1.15 0.315095 0.00342453 0.684905
1.16 0.311994 0.00344003 0.688006
1.17 0.308923 0.00345538 0.691077
1.18 0.305884 0.00347058 0.694116
1.19 0.302875 0.00348562 0.697125
1.2 0.299896 0.00350052 0.700104
1.21 0.296947 0.00351527 0.703053
1.22 0.294027 0.00352986 0.705973
1.23 0.291137 0.00354432 0.708863
1.24 0.288275 0.00355862 0.711725
1.25 0.285442 0.00357279 0.714558
1.26 0.282638 0.00358681 0.717362
1.27 0.279861 0.00360069 0.720139
1.28 0.277112 0.00361444 0.722888
1.29 0.274391 0.00362804 0.725609
1.3 0.271697 0.00364151 0.728303
1.31 0.26903 0.00365485 0.73097
1.32 0.266389 0.00366805 0.733611
1.33 0.263775 0.00368112 0.736225
1.34 0.261187 0.00369406 0.738813
1.35 0.258625 0.00370687 0.741375
1.36 0.256089 0.00371956 0.743911
1.37 0.253578 0.00373211 0.746422
1.38 0.251092 0.00374454 0.748908
1.39 0.248631 0.00375685 0.751369
1.4 0.246194 0.00376903 0.753806
1.41 0.243782 0.00378109 0.756218
1.42 0.241394 0.00379303 0.758606
1.43 0.23903 0.00380485 0.76097
1.44 0.236689 0.00381655 0.763311
1.45 0.234372 0.00382814 0.765628
1.46 0.232078 0.00383961 0.767922
1.47 0.229808 0.00385096 0.770192
1.48 0.227559 0.0038622 0.772441
1.49 0.225333 0.00387333 0.774667
1.5 0.22313 0.00388435 0.77687
1.51 0.220948 0.00389526 0.779052
1.52 0.218789 0.00390606 0.781211
1.53 0.216651 0.00391675 0.783349
1.54 0.214534 0.00392733 0.785466
1.55 0.212438 0.00393781 0.787562
1.56 0.210364 0.00394818 0.789636
1.57 0.20831 0.00395845 0.79169
1.58 0.206277 0.00396862 0.793723
1.59 0.204264 0.00397868 0.795736
1.6 0.202271 0.00398865 0.797729
1.61 0.200298 0.00399851 0.799702
1.62 0.198345 0.00400828 0.801655
1.63 0.196411 0.00401794 0.803589
1.64 0.194497 0.00402752 0.805503
1.65 0.192602 0.00403699 0.807398
1.66 0.190725 0.00404637 0.809275
1.67 0.188868 0.00405566 0.811132
1.68 0.187029 0.00406485 0.812971
1.69 0.185209 0.00407396 0.814791
1.7 0.183406 0.00408297 0.816594
1.71 0.181622 0.00409189 0.818378
1.72 0.179856 0.00410072 0.820144
1.73 0.178107 0.00410947 0.821893
1.74 0.176376 0.00411812 0.823624
1.75 0.174662 0.00412669 0.825338
1.76 0.172965 0.00413518 0.827035
1.77 0.171285 0.00414358 0.828715
1.78 0.169622 0.00415189 0.830378
1.79 0.167976 0.00416012 0.832024
1.8 0.166346 0.00416827 0.833654
1.81 0.164732 0.00417634 0.835268
1.82 0.163134 0.00418433 0.836866
1.83 0.161553 0.00419224 0.838447
1.84 0.159987 0.00420006 0.840013
1.85 0.158437 0.00420782 0.841563
1.86 0.156902 0.00421549 0.843098
1.87 0.155383 0.00422308 0.844617
1.88 0.153879 0.0042306 0.846121
1.89 0.15239 0.00423805 0.84761
1.9 0.150916 0.00424542 0.849084
1.91 0.149457 0.00425272 0.850543
1.92 0.148012 0.00425994 0.851988
1.93 0.146582 0.00426709 0.853418
1.94 0.145165 0.00427417 0.854835
1.95 0.143764 0.00428118 0.856236
1.96 0.142376 0.00428812 0.857624
1.97 0.141002 0.00429499 0.858998
1.98 0.139642 0.00430179 0.860358
1.99 0.138295 0.00430853 0.861705
2 0.136962 0.00431519 0.863038
2.01 0.135642 0.00432179 0.864358
2.02 0.134335 0.00432832 0.865665
2.03 0.133042 0.00433479 0.866958
2.04 0.131761 0.00434119 0.868239
2.05 0.130493 0.00434753 0.869507
2.06 0.129238 0.00435381 0.870762
2.07 0.127996 0.00436002 0.872004
2.08 0.126765 0.00436617 0.873235
2.09 0.125547 0.00437226 0.874453
2.1 0.124342 0.00437829 0.875658
2.11 0.123148 0.00438426 0.876852
2.12 0.121966 0.00439017 0.878034
2.13 0.120797 0.00439602 0.879203
2.14 0.119638 0.00440181 0.880362
2.15 0.118492 0.00440754 0.881508
2.16 0.117357 0.00441322 0.882643
2.17 0.116233 0.00441884 0.883767
2.18 0.11512 0.0044244 0.88488
2.19 0.114019 0.00442991 0.885981
2.2 0.112928 0.00443536 0.887072
2.21 0.111849 0.00444076 0.888151
2.22 0.11078 0.0044461 0.88922
2.23 0.109722 0.00445139 0.890278
2.24 0.108675 0.00445663 0.891325
2.25 0.107638 0.00446181 0.892362
2.26 0.106611 0.00446694 0.893389
2.27 0.105595 0.00447203 0.894405
2.28 0.104589 0.00447706 0.895411
2.29 0.103593 0.00448204 0.896407
2.3 0.102606 0.00448697 0.897394
2.31 0.10163 0.00449185 0.89837
2.32 0.100664 0.00449668 0.899336
2.33 0.0997068 0.00450147 0.900293
2.34 0.0987595 0.0045062 0.901241
2.35 0.0978216 0.00451089 0.902178
2.36 0.0968932 0.00451553 0.903107
2.37 0.095974 0.00452013 0.904026
2.38 0.0950641 0.00452468 0.904936
2.39 0.0941632 0.00452918 0.905837
2.4 0.0932713 0.00453364 0.906729
2.41 0.0923884 0.00453806 0.907612
2.42 0.0915143 0.00454243 0.908486
2.43 0.0906489 0.00454676 0.909351
2.44 0.0897922 0.00455104 0.910208
2.45 0.0889441 0.00455528 0.911056
2.46 0.0881044 0.00455948 0.911896
2.47 0.0872731 0.00456363 0.912727
2.48 0.0864502 0.00456775 0.91355
2.49 0.0856354 0.00457182 0.914365
2.5 0.0848288 0.00457586 0.915171
2.51 0.0840303 0.00457985 0.91597
2.52 0.0832398 0.0045838 0.91676
2.53 0.0824572 0.00458771 0.917543
2.54 0.0816824 0.00459159 0.918318
2.55 0.0809153 0.00459542 0.919085
2.56 0.0801559 0.00459922 0.919844
2.57 0.0794041 0.00460298 0.920596
2.58 0.0786599 0.0046067 0.92134
2.59 0.077923 0.00461038 0.922077
2.6 0.0771936 0.00461403 0.922806
2.61 0.0764714 0.00461764 0.923529
2.62 0.0757565 0.00462122 0.924244
2.63 0.0750487 0.00462476 0.924951
2.64 0.074348 0.00462826 0.925652
2.65 0.0736542 0.00463173 0.926346
2.66 0.0729675 0.00463516 0.927033
2.67 0.0722876 0.00463856 0.927712
2.68 0.0716145 0.00464193 0.928386
2.69 0.0709481 0.00464526 0.929052
2.7 0.0702884 0.00464856 0.929712
2.71 0.0696353 0.00465182 0.930365
2.72 0.0689887 0.00465506 0.931011
2.73 0.0683485 0.00465826 0.931651
2.74 0.0677148 0.00466143 0.932285
2.75 0.0670874 0.00466456 0.932913
2.76 0.0664663 0.00466767 0.933534
2.77 0.0658514 0.00467074 0.934149
2.78 0.0652427 0.00467379 0.934757
2.79 0.06464 0.0046768 0.93536
2.8 0.0640434 0.00467978 0.935957
2.81 0.0634527 0.00468274 0.936547
2.82 0.062868 0.00468566 0.937132
2.83 0.0622891 0.00468855 0.937711
2.84 0.0617159 0.00469142 0.938284
2.85 0.0611485 0.00469426 0.938851
2.86 0.0605868 0.00469707 0.939413
2.87 0.0600307 0.00469985 0.939969
2.88 0.0594802 0.0047026 0.94052
2.89 0.0589351 0.00470532 0.941065
2.9 0.0583955 0.00470802 0.941604
2.91 0.0578614 0.00471069 0.942139
2.92 0.0573325 0.00471334 0.942667
2.93 0.0568089 0.00471596 0.943191
2.94 0.0562906 0.00471855 0.943709
2.95 0.0557775 0.00472111 0.944223
2.96 0.0552695 0.00472365 0.944731
2.97 0.0547665 0.00472617 0.945233
2.98 0.0542686 0.00472866 0.945731
2.99 0.0537757 0.00473112 0.946224
3 0.0532877 0.00473356 0.946712
3.01 0.0528046 0.00473598 0.947195
3.02 0.0523263 0.00473837 0.947674
3.03 0.0518528 0.00474074 0.948147
3.04 0.0513841 0.00474308 0.948616
3.05 0.05092 0.0047454 0.94908
3.06 0.0504605 0.0047477 0.949539
3.07 0.0500057 0.00474997 0.949994
3.08 0.0495554 0.00475222 0.950445
3.09 0.0491096 0.00475445 0.95089
3.1 0.0486683 0.00475666 0.951332
3.11 0.0482314 0.00475884 0.951769
3.12 0.0477988 0.00476101 0.952201
3.13 0.0473706 0.00476315 0.952629
3.14 0.0469466 0.00476527 0.953053
3.15 0.0465269 0.00476737 0.953473
3.16 0.0461114 0.00476944 0.953889
3.17 0.0457001 0.0047715 0.9543
3.18 0.0452928 0.00477354 0.954707
3.19 0.0448897 0.00477555 0.95511
3.2 0.0444905 0.00477755 0.955509
3.21 0.0440954 0.00477952 0.955905
3.22 0.0437042 0.00478148 0.956296
3.23 0.0433169 0.00478342 0.956683
3.24 0.0429335 0.00478533 0.957066
3.25 0.0425539 0.00478723 0.957446
3.26 0.0421781 0.00478911 0.957822
3.27 0.0418061 0.00479097 0.958194
3.28 0.0414378 0.00479281 0.958562
3.29 0.0410732 0.00479463 0.958927
3.3 0.0407122 0.00479644 0.959288
3.31 0.0403549 0.00479823 0.959645
3.32 0.0400011 0.00479999 0.959999
3.33 0.0396508 0.00480175 0.960349
3.34 0.0393041 0.00480348 0.960696
3.35 0.0389608 0.0048052 0.961039
3.36 0.038621 0.0048069 0.961379
3.37 0.0382845 0.00480858 0.961715
3.38 0.0379514 0.00481024 0.962049
3.39 0.0376217 0.00481189 0.962378
3.4 0.0372952 0.00481352 0.962705
3.41 0.036972 0.00481514 0.963028
3.42 0.0366521 0.00481674 0.963348
3.43 0.0363353 0.00481832 0.963665
3.44 0.0360217 0.00481989 0.963978
3.45 0.0357112 0.00482144 0.964289
3.46 0.0354039 0.00482298 0.964596
3.47 0.0350996 0.0048245 0.9649
3.48 0.0347984 0.00482601 0.965202
3.49 0.0345001 0.0048275 0.9655
3.5 0.0342049 0.00482898 0.965795
3.51 0.0339126 0.00483044 0.966087
3.52 0.0336232 0.00483188 0.966377
3.53 0.0333368 0.00483332 0.966663
3.54 0.0330532 0.00483473 0.966947
3.55 0.0327724 0.00483614 0.967228
3.56 0.0324944 0.00483753 0.967506
3.57 0.0322192 0.0048389 0.967781
3.58 0.0319468 0.00484027 0.968053
3.59 0.0316771 0.00484161 0.968323
3.6 0.0314101 0.00484295 0.96859
3.61 0.0311457 0.00484427 0.968854
3.62 0.030884 0.00484558 0.969116
3.63 0.030625 0.00484688 0.969375
3.64 0.0303685 0.00484816 0.969632
3.65 0.0301145 0.00484943 0.969885
3.66 0.0298631 0.00485068 0.970137
3.67 0.0296143 0.00485193 0.970386
3.68 0.0293679 0.00485316 0.970632
3.69 0.029124 0.00485438 0.970876
3.7 0.0288825 0.00485559 0.971118
3.71 0.0286434 0.00485678 0.971357
3.72 0.0284067 0.00485797 0.971593
3.73 0.0281724 0.00485914 0.971828
3.74 0.0279405 0.0048603 0.97206
3.75 0.0277108 0.00486145 0.972289
3.76 0.0274835 0.00486258 0.972517
3.77 0.0272584 0.00486371 0.972742
3.78 0.0270356 0.00486482 0.972964
3.79 0.026815 0.00486593 0.973185
3.8 0.0265966 0.00486702 0.973403
3.81 0.0263804 0.0048681 0.97362
3.82 0.0261663 0.00486917 0.973834
3.83 0.0259544 0.00487023 0.974046
3.84 0.0257446 0.00487128 0.974255
3.85 0.0255369 0.00487232 0.974463
3.86 0.0253313 0.00487334 0.974669
3.87 0.0251278 0.00487436 0.974872
3.88 0.0249262 0.00487537 0.975074
3.89 0.0247267 0.00487637 0.975273
3.9 0.0245292 0.00487735 0.975471
3.91 0.0243337 0.00487833 0.975666
3.92 0.0241401 0.0048793 0.97586
3.93 0.0239485 0.00488026 0.976052
3.94 0.0237587 0.00488121 0.976241
3.95 0.0235709 0.00488215 0.976429
3.96 0.0233849 0.00488308 0.976615
3.97 0.0232008 0.004884 0.976799
3.98 0.0230186 0.00488491 0.976981
3.99 0.0228382 0.00488581 0.977162
4 0.0226595 0.0048867 0.97734
4.01 0.0224827 0.00488759 0.977517
4.02 0.0223076 0.00488846 0.977692
4.03 0.0221343 0.00488933 0.977866
4.04 0.0219627 0.00489019 0.978037
4.05 0.0217928 0.00489104 0.978207
4.06 0.0216247 0.00489188 0.978375
4.07 0.0214582 0.00489271 0.978542
4.08 0.0212934 0.00489353 0.978707
4.09 0.0211302 0.00489435 0.97887
4.1 0.0209686 0.00489516 0.979031
4.11 0.0208087 0.00489596 0.979191
4.12 0.0206504 0.00489675 0.97935
4.13 0.0204936 0.00489753 0.979506
4.14 0.0203384 0.00489831 0.979662
4.15 0.0201848 0.00489908 0.979815
4.16 0.0200327 0.00489984 0.979967
4.17 0.0198821 0.00490059 0.980118
4.18 0.0197331 0.00490133 0.980267
4.19 0.0195855 0.00490207 0.980414
4.2 0.0194394 0.0049028 0.980561
4.21 0.0192948 0.00490353 0.980705
4.22 0.0191516 0.00490424 0.980848
4.23 0.0190098 0.00490495 0.98099
4.24 0.0188695 0.00490565 0.981131
4.25 0.0187305 0.00490635 0.981269
4.26 0.018593 0.00490704 0.981407
4.27 0.0184568 0.00490772 0.981543
4.28 0.018322 0.00490839 0.981678
4.29 0.0181885 0.00490906 0.981811
4.3 0.0180564 0.00490972 0.981944
4.31 0.0179256 0.00491037 0.982074
4.32 0.0177961 0.00491102 0.982204
4.33 0.0176679 0.00491166 0.982332
4.34 0.017541 0.0049123 0.982459
4.35 0.0174153 0.00491292 0.982585
4.36 0.0172909 0.00491355 0.982709
4.37 0.0171677 0.00491416 0.982832
4.38 0.0170458 0.00491477 0.982954
4.39 0.0169251 0.00491537 0.983075
4.4 0.0168056 0.00491597 0.983194
4.41 0.0166873 0.00491656 0.983313
4.42 0.0165702 0.00491715 0.98343
4.43 0.0164542 0.00491773 0.983546
4.44 0.0163395 0.0049183 0.983661
4.45 0.0162258 0.00491887 0.983774
4.46 0.0161133 0.00491943 0.983887
4.47 0.0160019 0.00491999 0.983998
4.48 0.0158917 0.00492054 0.984108
4.49 0.0157825 0.00492109 0.984217
4.5 0.0156744 0.00492163 0.984326
4.51 0.0155674 0.00492216 0.984433
4.52 0.0154615 0.00492269 0.984538
4.53 0.0153567 0.00492322 0.984643
4.54 0.0152529 0.00492374 0.984747
4.55 0.0151501 0.00492425 0.98485
4.56 0.0150483 0.00492476 0.984952
4.57 0.0149476 0.00492526 0.985052
4.58 0.0148479 0.00492576 0.985152
4.59 0.0147492 0.00492625 0.985251
4.6 0.0146514 0.00492674 0.985349
4.61 0.0145547 0.00492723 0.985445
4.62 0.0144589 0.00492771 0.985541
4.63 0.014364 0.00492818 0.985636
4.64 0.0142701 0.00492865 0.98573
4.65 0.0141772 0.00492911 0.985823
4.66 0.0140852 0.00492957 0.985915
4.67 0.0139941 0.00493003 0.986006
4.68 0.0139039 0.00493048 0.986096
4.69 0.0138146 0.00493093 0.986185
4.7 0.0137262 0.00493137 0.986274
4.71 0.0136387 0.00493181 0.986361
4.72 0.0135521 0.00493224 0.986448
4.73 0.0134663 0.00493267 0.986534
4.74 0.0133814 0.00493309 0.986619
4.75 0.0132973 0.00493351 0.986703
4.76 0.0132141 0.00493393 0.986786
4.77 0.0131317 0.00493434 0.986868
4.78 0.0130502 0.00493475 0.98695
4.79 0.0129694 0.00493515 0.987031
4.8 0.0128895 0.00493555 0.987111
4.81 0.0128103 0.00493595 0.98719
4.82 0.012732 0.00493634 0.987268
4.83 0.0126544 0.00493673 0.987346
4.84 0.0125776 0.00493711 0.987422
4.85 0.0125016 0.00493749 0.987498
4.86 0.0124263 0.00493787 0.987574
4.87 0.0123518 0.00493824 0.987648
4.88 0.0122781 0.00493861 0.987722
4.89 0.012205 0.00493897 0.987795
4.9 0.0121327 0.00493934 0.987867
4.91 0.0120612 0.00493969 0.987939
4.92 0.0119903 0.00494005 0.98801
4.93 0.0119202 0.0049404 0.98808
4.94 0.0118507 0.00494075 0.988149
4.95 0.0117819 0.00494109 0.988218
4.96 0.0117139 0.00494143 0.988286
4.97 0.0116465 0.00494177 0.988354
4.98 0.0115798 0.0049421 0.98842
4.99 0.0115137 0.00494243 0.988486
5 0.0114484 0.00494276 0.988552
5.01 0.0113836 0.00494308 0.988616
5.02 0.0113195 0.0049434 0.98868
5.03 0.0112561 0.00494372 0.988744
5.04 0.0111933 0.00494403 0.988807
5.05 0.0111311 0.00494434 0.988869
5.06 0.0110696 0.00494465 0.98893
5.07 0.0110086 0.00494496 0.988991
5.08 0.0109483 0.00494526 0.989052
5.09 0.0108885 0.00494556 0.989111
5.1 0.0108294 0.00494585 0.989171
5.11 0.0107709 0.00494615 0.989229
5.12 0.0107129 0.00494644 0.989287
5.13 0.0106555 0.00494672 0.989344
5.14 0.0105987 0.00494701 0.989401
5.15 0.0105425 0.00494729 0.989457
5.16 0.0104868 0.00494757 0.989513
5.17 0.0104317 0.00494784 0.989568
5.18 0.0103771 0.00494811 0.989623
5.19 0.0103231 0.00494838 0.989677
5.2 0.0102697 0.00494865 0.98973
5.21 0.0102167 0.00494892 0.989783
5.22 0.0101643 0.00494918 0.989836
5.23 0.0101124 0.00494944 0.989888
5.24 0.010061 0.00494969 0.989939
5.25 0.0100102 0.00494995 0.98999
5.26 0.00995982 0.0049502 0.99004
5.27 0.00990998 0.00495045 0.99009
5.28 0.00986063 0.0049507 0.990139
5.29 0.00981178 0.00495094 0.990188
5.3 0.00976341 0.00495118 0.990237
5.31 0.00971553 0.00495142 0.990284
5.32 0.00966813 0.00495166 0.990332
5.33 0.0096212 0.00495189 0.990379
5.34 0.00957474 0.00495213 0.990425
5.35 0.00952874 0.00495236 0.990471
5.36 0.00948321 0.00495258 0.990517
5.37 0.00943813 0.00495281 0.990562
5.38 0.0093935 0.00495303 0.990606
5.39 0.00934932 0.00495325 0.990651
5.4 0.00930558 0.00495347 0.990694
5.41 0.00926227 0.00495369 0.990738
5.42 0.0092194 0.0049539 0.990781
5.43 0.00917696 0.00495412 0.990823
5.44 0.00913494 0.00495433 0.990865
5.45 0.00909335 0.00495453 0.990907
5.46 0.00905217 0.00495474 0.990948
5.47 0.0090114 0.00495494 0.990989
5.48 0.00897103 0.00495514 0.991029
5.49 0.00893108 0.00495534 0.991069
5.5 0.00889152 0.00495554 0.991108
5.51 0.00885235 0.00495574 0.991148
5.52 0.00881358 0.00495593 0.991186
5.53 0.0087752 0.00495612 0.991225
5.54 0.0087372 0.00495631 0.991263
5.55 0.00869958 0.0049565 0.9913
5.56 0.00866234 0.00495669 0.991338
5.57 0.00862547 0.00495687 0.991375
5.58 0.00858896 0.00495706 0.991411
5.59 0.00855283 0.00495724 0.991447
5.6 0.00851705 0.00495741 0.991483
5.61 0.00848163 0.00495759 0.991518
5.62 0.00844657 0.00495777 0.991553
5.63 0.00841185 0.00495794 0.991588
5.64 0.00837749 0.00495811 0.991623
5.65 0.00834346 0.00495828 0.991657
5.66 0.00830978 0.00495845 0.99169
5.67 0.00827644 0.00495862 0.991724
5.68 0.00824342 0.00495878 0.991757
5.69 0.00821074 0.00495895 0.991789
5.7 0.00817839 0.00495911 0.991822
5.71 0.00814635 0.00495927 0.991854
5.72 0.00811464 0.00495943 0.991885
5.73 0.00808325 0.00495958 0.991917
5.74 0.00805217 0.00495974 0.991948
5.75 0.0080214 0.00495989 0.991979
5.76 0.00799094 0.00496005 0.992009
5.77 0.00796078 0.0049602 0.992039
5.78 0.00793092 0.00496035 0.992069
5.79 0.00790137 0.00496049 0.992099
5.8 0.0078721 0.00496064 0.992128
5.81 0.00784313 0.00496078 0.992157
5.82 0.00781446 0.00496093 0.992186
5.83 0.00778606 0.00496107 0.992214
5.84 0.00775795 0.00496121 0.992242
5.85 0.00773013 0.00496135 0.99227
5.86 0.00770258 0.00496149 0.992297
5.87 0.0076753 0.00496162 0.992325
5.88 0.0076483 0.00496176 0.992352
5.89 0.00762157 0.00496189 0.992378
5.9 0.00759511 0.00496202 0.992405
5.91 0.00756891 0.00496216 0.992431
5.92 0.00754297 0.00496229 0.992457
5.93 0.00751729 0.00496241 0.992483
5.94 0.00749187 0.00496254 0.992508
5.95 0.00746671 0.00496267 0.992533
5.96 0.00744179 0.00496279 0.992558
5.97 0.00741712 0.00496291 0.992583
5.98 0.0073927 0.00496304 0.992607
5.99 0.00736853 0.00496316 0.992631
6 0.0073446 0.00496328 0.992655
6.01 0.0073209 0.0049634 0.992679
6.02 0.00729744 0.00496351 0.992703
6.03 0.00727422 0.00496363 0.992726
6.04 0.00725123 0.00496374 0.992749
6.05 0.00722847 0.00496386 0.992772
6.06 0.00720594 0.00496397 0.992794
6.07 0.00718363 0.00496408 0.992816
6.08 0.00716155 0.00496419 0.992838
6.09 0.00713968 0.0049643 0.99286
6.1 0.00711804 0.00496441 0.992882
6.11 0.00709661 0.00496452 0.992903
6.12 0.00707539 0.00496462 0.992925
6.13 0.00705439 0.00496473 0.992946
6.14 0.0070336 0.00496483 0.992966
6.15 0.00701302 0.00496493 0.992987
6.16 0.00699264 0.00496504 0.993007
6.17 0.00697246 0.00496514 0.993028
6.18 0.00695249 0.00496524 0.993048
6.19 0.00693272 0.00496534 0.993067
6.2 0.00691314 0.00496543 0.993087
6.21 0.00689376 0.00496553 0.993106
6.22 0.00687458 0.00496563 0.993125
6.23 0.00685558 0.00496572 0.993144
6.24 0.00683678 0.00496582 0.993163
6.25 0.00681816 0.00496591 0.993182
6.26 0.00679973 0.004966 0.9932
6.27 0.00678149 0.00496609 0.993219
6.28 0.00676342 0.00496618 0.993237
6.29 0.00674554 0.00496627 0.993254
6.3 0.00672784 0.00496636 0.993272
6.31 0.00671031 0.00496645 0.99329
6.32 0.00669296 0.00496654 0.993307
6.33 0.00667578 0.00496662 0.993324
6.34 0.00665877 0.00496671 0.993341
6.35 0.00664194 0.00496679 0.993358
6.36 0.00662527 0.00496687 0.993375
6.37 0.00660877 0.00496696 0.993391
6.38 0.00659243 0.00496704 0.993408
6.39 0.00657626 0.00496712 0.993424
6.4 0.00656025 0.0049672 0.99344
6.41 0.0065444 0.00496728 0.993456
6.42 0.00652871 0.00496736 0.993471
6.43 0.00651317 0.00496743 0.993487
6.44 0.00649779 0.00496751 0.993502
6.45 0.00648256 0.00496759 0.993517
6.46 0.00646749 0.00496766 0.993533
6.47 0.00645257 0.00496774 0.993547
6.48 0.00643779 0.00496781 0.993562
6.49 0.00642317 0.00496788 0.993577
6.5 0.00640869 0.00496796 0.993591
6.51 0.00639435 0.00496803 0.993606
6.52 0.00638016 0.0049681 0.99362
6.53 0.00636611 0.00496817 0.993634
6.54 0.0063522 0.00496824 0.993648
6.55 0.00633843 0.00496831 0.993662
6.56 0.0063248 0.00496838 0.993675
6.57 0.0063113 0.00496844 0.993689
6.58 0.00629794 0.00496851 0.993702
6.59 0.00628471 0.00496858 0.993715
6.6 0.00627162 0.00496864 0.993728
6.61 0.00625865 0.00496871 0.993741
6.62 0.00624582 0.00496877 0.993754
6.63 0.00623311 0.00496883 0.993767
6.64 0.00622053 0.0049689 0.993779
6.65 0.00620808 0.00496896 0.993792
6.66 0.00619575 0.00496902 0.993804
6.67 0.00618354 0.00496908 0.993816
6.68 0.00617146 0.00496914 0.993829
6.69 0.00615949 0.0049692 0.993841
6.7 0.00614765 0.00496926 0.993852
6.71 0.00613593 0.00496932 0.993864
6.72 0.00612432 0.00496938 0.993876
6.73 0.00611283 0.00496944 0.993887
6.74 0.00610145 0.00496949 0.993899
6.75 0.00609019 0.00496955 0.99391
6.76 0.00607904 0.0049696 0.993921
6.77 0.006068 0.00496966 0.993932
6.78 0.00605707 0.00496971 0.993943
6.79 0.00604625 0.00496977 0.993954
6.8 0.00603554 0.00496982 0.993964
6.81 0.00602494 0.00496988 0.993975
6.82 0.00601444 0.00496993 0.993986
6.83 0.00600404 0.00496998 0.993996
6.84 0.00599376 0.00497003 0.994006
6.85 0.00598357 0.00497008 0.994016
6.86 0.00597349 0.00497013 0.994027
6.87 0.0059635 0.00497018 0.994036
6.88 0.00595362 0.00497023 0.994046
6.89 0.00594383 0.00497028 0.994056
6.9 0.00593415 0.00497033 0.994066
6.91 0.00592456 0.00497038 0.994075
6.92 0.00591506 0.00497042 0.994085
6.93 0.00590566 0.00497047 0.994094
6.94 0.00589636 0.00497052 0.994104
6.95 0.00588715 0.00497056 0.994113
6.96 0.00587803 0.00497061 0.994122
6.97 0.005869 0.00497066 0.994131
6.98 0.00586006 0.0049707 0.99414
6.99 0.00585121 0.00497074 0.994149
7 0.00584245 0.00497079 0.994158
7.01 0.00583378 0.00497083 0.994166
7.02 0.00582519 0.00497087 0.994175
7.03 0.00581669 0.00497092 0.994183
7.04 0.00580827 0.00497096 0.994192
7.05 0.00579994 0.004971 0.9942
7.06 0.00579169 0.00497104 0.994208
7.07 0.00578353 0.00497108 0.994216
7.08 0.00577545 0.00497112 0.994225
7.09 0.00576744 0.00497116 0.994233
7.1 0.00575952 0.0049712 0.99424
7.11 0.00575168 0.00497124 0.994248
7.12 0.00574391 0.00497128 0.994256
7.13 0.00573622 0.00497132 0.994264
7.14 0.00572861 0.00497136 0.994271
7.15 0.00572108 0.00497139 0.994279
7.16 0.00571362 0.00497143 0.994286
7.17 0.00570623 0.00497147 0.994294
7.18 0.00569892 0.00497151 0.994301
7.19 0.00569168 0.00497154 0.994308
7.2 0.00568452 0.00497158 0.994315
7.21 0.00567743 0.00497161 0.994323
7.22 0.0056704 0.00497165 0.99433
7.23 0.00566345 0.00497168 0.994337
7.24 0.00565657 0.00497172 0.994343
7.25 0.00564975 0.00497175 0.99435
7.26 0.00564301 0.00497178 0.994357
7.27 0.00563633 0.00497182 0.994364
7.28 0.00562972 0.00497185 0.99437
7.29 0.00562317 0.00497188 0.994377
7.3 0.00561669 0.00497192 0.994383
7.31 0.00561027 0.00497195 0.99439
7.32 0.00560392 0.00497198 0.994396
7.33 0.00559764 0.00497201 0.994402
7.34 0.00559141 0.00497204 0.994409
7.35 0.00558525 0.00497207 0.994415
7.36 0.00557915 0.0049721 0.994421
7.37 0.00557311 0.00497213 0.994427
7.38 0.00556713 0.00497216 0.994433
7.39 0.00556121 0.00497219 0.994439
7.4 0.00555535 0.00497222 0.994445
7.41 0.00554954 0.00497225 0.99445
7.42 0.0055438 0.00497228 0.994456
7.43 0.00553811 0.00497231 0.994462
7.44 0.00553248 0.00497234 0.994468
7.45 0.00552691 0.00497237 0.994473
7.46 0.00552139 0.00497239 0.994479
7.47 0.00551593 0.00497242 0.994484
7.48 0.00551052 0.00497245 0.994489
7.49 0.00550517 0.00497247 0.994495
7.5 0.00549987 0.0049725 0.9945
7.51 0.00549462 0.00497253 0.994505
7.52 0.00548943 0.00497255 0.994511
7.53 0.00548428 0.00497258 0.994516
7.54 0.00547919 0.0049726 0.994521
7.55 0.00547415 0.00497263 0.994526
7.56 0.00546916 0.00497265 0.994531
7.57 0.00546422 0.00497268 0.994536
7.58 0.00545933 0.0049727 0.994541
7.59 0.00545449 0.00497273 0.994546
7.6 0.00544969 0.00497275 0.99455
7.61 0.00544495 0.00497278 0.994555
7.62 0.00544025 0.0049728 0.99456
7.63 0.0054356 0.00497282 0.994564
7.64 0.00543099 0.00497285 0.994569
7.65 0.00542644 0.00497287 0.994574
7.66 0.00542192 0.00497289 0.994578
7.67 0.00541746 0.00497291 0.994583
7.68 0.00541303 0.00497293 0.994587
7.69 0.00540865 0.00497296 0.994591
7.7 0.00540432 0.00497298 0.994596
7.71 0.00540003 0.004973 0.9946
7.72 0.00539578 0.00497302 0.994604
7.73 0.00539157 0.00497304 0.994608
7.74 0.00538741 0.00497306 0.994613
7.75 0.00538328 0.00497308 0.994617
7.76 0.0053792 0.0049731 0.994621
7.77 0.00537516 0.00497312 0.994625
7.78 0.00537116 0.00497314 0.994629
7.79 0.0053672 0.00497316 0.994633
7.8 0.00536328 0.00497318 0.994637
7.81 0.0053594 0.0049732 0.994641
7.82 0.00535556 0.00497322 0.994644
7.83 0.00535175 0.00497324 0.994648
7.84 0.00534799 0.00497326 0.994652
7.85 0.00534426 0.00497328 0.994656
7.86 0.00534057 0.0049733 0.994659
7.87 0.00533691 0.00497332 0.994663
7.88 0.00533329 0.00497333 0.994667
7.89 0.00532971 0.00497335 0.99467
7.9 0.00532617 0.00497337 0.994674
7.91 0.00532266 0.00497339 0.994677
7.92 0.00531918 0.0049734 0.994681
7.93 0.00531574 0.00497342 0.994684
7.94 0.00531233 0.00497344 0.994688
7.95 0.00530896 0.00497346 0.994691
7.96 0.00530562 0.00497347 0.994694
7.97 0.00530232 0.00497349 0.994698
7.98 0.00529905 0.0049735 0.994701
7.99 0.00529581 0.00497352 0.994704
8 0.0052926 0.00497354 0.994707
8.01 0.00528943 0.00497355 0.994711
8.02 0.00528628 0.00497357 0.994714
8.03 0.00528317 0.00497358 0.994717
8.04 0.00528009 0.0049736 0.99472
8.05 0.00527704 0.00497361 0.994723
8.06 0.00527402 0.00497363 0.994726
8.07 0.00527103 0.00497364 0.994729
8.08 0.00526808 0.00497366 0.994732
8.09 0.00526515 0.00497367 0.994735
8.1 0.00526225 0.00497369 0.994738
8.11 0.00525937 0.0049737 0.994741
8.12 0.00525653 0.00497372 0.994743
8.13 0.00525372 0.00497373 0.994746
8.14 0.00525093 0.00497375 0.994749
8.15 0.00524817 0.00497376 0.994752
8.16 0.00524544 0.00497377 0.994755
8.17 0.00524274 0.00497379 0.994757
8.18 0.00524006 0.0049738 0.99476
8.19 0.00523742 0.00497381 0.994763
8.2 0.00523479 0.00497383 0.994765
8.21 0.0052322 0.00497384 0.994768
8.22 0.00522963 0.00497385 0.99477
8.23 0.00522708 0.00497386 0.994773
8.24 0.00522456 0.00497388 0.994775
8.25 0.00522207 0.00497389 0.994778
8.26 0.0052196 0.0049739 0.99478
8.27 0.00521715 0.00497391 0.994783
8.28 0.00521473 0.00497393 0.994785
8.29 0.00521234 0.00497394 0.994788
8.3 0.00520996 0.00497395 0.99479
8.31 0.00520762 0.00497396 0.994792
8.32 0.00520529 0.00497397 0.994795
8.33 0.00520299 0.00497399 0.994797
8.34 0.00520071 0.004974 0.994799
8.35 0.00519845 0.00497401 0.994802
8.36 0.00519622 0.00497402 0.994804
8.37 0.00519401 0.00497403 0.994806
8.38 0.00519182 0.00497404 0.994808
8.39 0.00518965 0.00497405 0.99481
8.4 0.00518751 0.00497406 0.994812
8.41 0.00518539 0.00497407 0.994815
8.42 0.00518328 0.00497408 0.994817
8.43 0.0051812 0.00497409 0.994819
8.44 0.00517914 0.0049741 0.994821
8.45 0.0051771 0.00497411 0.994823
8.46 0.00517508 0.00497412 0.994825
8.47 0.00517308 0.00497413 0.994827
8.48 0.0051711 0.00497414 0.994829
8.49 0.00516914 0.00497415 0.994831
8.5 0.0051672 0.00497416 0.994833
8.51 0.00516528 0.00497417 0.994835
8.52 0.00516338 0.00497418 0.994837
8.53 0.0051615 0.00497419 0.994839
8.54 0.00515963 0.0049742 0.99484
8.55 0.00515779 0.00497421 0.994842
8.56 0.00515596 0.00497422 0.994844
8.57 0.00515415 0.00497423 0.994846
8.58 0.00515236 0.00497424 0.994848
8.59 0.00515059 0.00497425 0.994849
8.6 0.00514884 0.00497426 0.994851
8.61 0.0051471 0.00497426 0.994853
8.62 0.00514538 0.00497427 0.994855
8.63 0.00514368 0.00497428 0.994856
8.64 0.00514199 0.00497429 0.994858
8.65 0.00514032 0.0049743 0.99486
8.66 0.00513867 0.00497431 0.994861
8.67 0.00513704 0.00497431 0.994863
8.68 0.00513542 0.00497432 0.994865
8.69 0.00513381 0.00497433 0.994866
8.7 0.00513223 0.00497434 0.994868
8.71 0.00513066 0.00497435 0.994869
8.72 0.0051291 0.00497435 0.994871
8.73 0.00512756 0.00497436 0.994872
8.74 0.00512604 0.00497437 0.994874
8.75 0.00512453 0.00497438 0.994875
8.76 0.00512303 0.00497438 0.994877
8.77 0.00512155 0.00497439 0.994878
8.78 0.00512009 0.0049744 0.99488
8.79 0.00511864 0.00497441 0.994881
8.8 0.00511721 0.00497441 0.994883
8.81 0.00511578 0.00497442 0.994884
8.82 0.00511438 0.00497443 0.994886
8.83 0.00511299 0.00497444 0.994887
8.84 0.00511161 0.00497444 0.994888
8.85 0.00511024 0.00497445 0.99489
8.86 0.00510889 0.00497446 0.994891
8.87 0.00510755 0.00497446 0.994892
8.88 0.00510623 0.00497447 0.994894
8.89 0.00510492 0.00497448 0.994895
8.9 0.00510362 0.00497448 0.994896
8.91 0.00510234 0.00497449 0.994898
8.92 0.00510106 0.00497449 0.994899
8.93 0.0050998 0.0049745 0.9949
8.94 0.00509856 0.00497451 0.994901
8.95 0.00509732 0.00497451 0.994903
8.96 0.0050961 0.00497452 0.994904
8.97 0.00509489 0.00497453 0.994905
8.98 0.00509369 0.00497453 0.994906
8.99 0.00509251 0.00497454 0.994907
9 0.00509133 0.00497454 0.994909
9.01 0.00509017 0.00497455 0.99491
9.02 0.00508902 0.00497455 0.994911
9.03 0.00508788 0.00497456 0.994912
9.04 0.00508676 0.00497457 0.994913
9.05 0.00508564 0.00497457 0.994914
9.06 0.00508453 0.00497458 0.994915
9.07 0.00508344 0.00497458 0.994917
9.08 0.00508236 0.00497459 0.994918
9.09 0.00508128 0.00497459 0.994919
9.1 0.00508022 0.0049746 0.99492
9.11 0.00507917 0.0049746 0.994921
9.12 0.00507813 0.00497461 0.994922
9.13 0.0050771 0.00497461 0.994923
9.14 0.00507608 0.00497462 0.994924
9.15 0.00507507 0.00497462 0.994925
9.16 0.00507407 0.00497463 0.994926
9.17 0.00507308 0.00497463 0.994927
9.18 0.0050721 0.00497464 0.994928
9.19 0.00507113 0.00497464 0.994929
9.2 0.00507017 0.00497465 0.99493
9.21 0.00506922 0.00497465 0.994931
9.22 0.00506828 0.00497466 0.994932
9.23 0.00506735 0.00497466 0.994933
9.24 0.00506643 0.00497467 0.994934
9.25 0.00506552 0.00497467 0.994934
9.26 0.00506461 0.00497468 0.994935
9.27 0.00506372 0.00497468 0.994936
9.28 0.00506283 0.00497469 0.994937
9.29 0.00506195 0.00497469 0.994938
9.3 0.00506109 0.00497469 0.994939
9.31 0.00506023 0.0049747 0.99494
9.32 0.00505937 0.0049747 0.994941
9.33 0.00505853 0.00497471 0.994941
9.34 0.0050577 0.00497471 0.994942
9.35 0.00505687 0.00497472 0.994943
9.36 0.00505606 0.00497472 0.994944
9.37 0.00505525 0.00497472 0.994945
9.38 0.00505444 0.00497473 0.994946
9.39 0.00505365 0.00497473 0.994946
9.4 0.00505287 0.00497474 0.994947
9.41 0.00505209 0.00497474 0.994948
9.42 0.00505132 0.00497474 0.994949
9.43 0.00505056 0.00497475 0.994949
9.44 0.0050498 0.00497475 0.99495
9.45 0.00504906 0.00497475 0.994951
9.46 0.00504832 0.00497476 0.994952
9.47 0.00504758 0.00497476 0.994952
9.48 0.00504686 0.00497477 0.994953
9.49 0.00504614 0.00497477 0.994954
9.5 0.00504543 0.00497477 0.994955
9.51 0.00504473 0.00497478 0.994955
9.52 0.00504403 0.00497478 0.994956
9.53 0.00504334 0.00497478 0.994957
9.54 0.00504266 0.00497479 0.994957
9.55 0.00504199 0.00497479 0.994958
9.56 0.00504132 0.00497479 0.994959
9.57 0.00504066 0.0049748 0.994959
9.58 0.00504 0.0049748 0.99496
9.59 0.00503935 0.0049748 0.994961
9.6 0.00503871 0.00497481 0.994961
9.61 0.00503807 0.00497481 0.994962
9.62 0.00503744 0.00497481 0.994963
9.63 0.00503682 0.00497482 0.994963
9.64 0.0050362 0.00497482 0.994964
9.65 0.00503559 0.00497482 0.994964
9.66 0.00503499 0.00497483 0.994965
9.67 0.00503439 0.00497483 0.994966
9.68 0.0050338 0.00497483 0.994966
9.69 0.00503321 0.00497483 0.994967
9.7 0.00503263 0.00497484 0.994967
9.71 0.00503206 0.00497484 0.994968
9.72 0.00503149 0.00497484 0.994969
9.73 0.00503092 0.00497485 0.994969
9.74 0.00503036 0.00497485 0.99497
9.75 0.00502981 0.00497485 0.99497
9.76 0.00502927 0.00497485 0.994971
9.77 0.00502872 0.00497486 0.994971
9.78 0.00502819 0.00497486 0.994972
9.79 0.00502766 0.00497486 0.994972
9.8 0.00502713 0.00497486 0.994973
9.81 0.00502661 0.00497487 0.994973
9.82 0.0050261 0.00497487 0.994974
9.83 0.00502559 0.00497487 0.994974
9.84 0.00502508 0.00497487 0.994975
9.85 0.00502458 0.00497488 0.994975
9.86 0.00502409 0.00497488 0.994976
9.87 0.0050236 0.00497488 0.994976
9.88 0.00502311 0.00497488 0.994977
9.89 0.00502263 0.00497489 0.994977
9.9 0.00502216 0.00497489 0.994978
9.91 0.00502169 0.00497489 0.994978
9.92 0.00502122 0.00497489 0.994979
9.93 0.00502076 0.0049749 0.994979
9.94 0.00502031 0.0049749 0.99498
9.95 0.00501985 0.0049749 0.99498
9.96 0.00501941 0.0049749 0.994981
9.97 0.00501896 0.00497491 0.994981
9.98 0.00501853 0.00497491 0.994981
9.99 0.00501809 0.00497491 0.994982
10 0.00501766 0.00497491 0.994982
