x	y
475 0.00654
476 4.60294
477 9.19691
478 13.786
479 18.3678
480 22.9399
481 27.4997
482 32.045
483 36.5732
484 41.082
485 45.5689
486 50.0314
487 54.4671
488 58.8736
489 63.2485
490 67.5893
491 71.8935
492 76.1588
493 80.3828
494 84.5629
495 88.6967
496 92.7819
497 96.816
498 100.796
499 104.721
500 108.587
501 112.392
502 116.134
503 119.81
504 123.418
505 126.956
506 130.42
507 133.809
508 137.12
509 140.351
510 143.499
511 146.561
512 149.537
513 152.422
514 155.214
515 157.912
516 160.512
517 163.012
518 165.41
519 167.704
520 169.89
521 171.967
522 173.932
523 175.782
524 177.515
525 179.13
526 180.622
527 181.99
528 183.232
529 184.345
530 185.326
531 186.174
532 186.885
533 187.457
534 187.888
535 188.176
536 188.317
537 188.31
538 188.152
539 187.84
540 187.373
541 186.748
542 185.962
543 185.012
544 183.898
545 182.615
546 181.162
547 179.536
548 177.735
549 175.756
550 173.596
551 171.255
552 168.728
553 166.014
554 163.11
555 160.013
556 156.722
557 153.234
558 149.546
559 145.656
560 141.561
561 137.26
562 132.749
563 128.027
564 123.09
565 117.936
566 112.564
567 106.97
568 101.152
569 95.1071
570 88.8338
571 82.3293
572 75.591
573 68.6166
574 61.4036
575 53.9496
576 46.2521
577 38.3088
578 30.1171
579 21.6748
580 12.9792
581 4.02802
582 -5.1812
583 -14.6509
584 -24.3835
585 -34.3815
586 -44.6473
587 -55.1833
588 -65.9919
589 -77.0756
590 -88.4369
591 -100.078
592 -112.002
593 -124.21
594 -136.706
595 -149.491
596 -162.569
597 -175.941
598 -189.61
599 -203.579
600 -217.849
601 -232.424
602 -247.305
603 -262.496
604 -277.998
605 -293.814
606 -309.947
607 -326.398
608 -343.171
609 -360.268
610 -377.691
611 -395.443
612 -413.526
613 -431.942
614 -450.694
615 -469.784
616 -489.216
617 -508.991
618 -529.111
619 -549.579
620 -570.398
621 -591.57
622 -613.098
623 -634.983
624 -657.229
625 461.3
626 461.302
627 461.246
628 461.134
629 460.968
630 460.751
631 460.486
632 460.174
633 459.818
634 459.421
635 458.985
636 458.513
637 458.006
638 457.468
639 456.901
640 456.306
641 455.688
642 455.047
643 454.387
644 453.711
645 453.019
646 452.315
647 451.602
648 450.881
649 450.155
650 449.427
651 448.699
652 447.973
653 447.253
654 446.539
655 445.835
656 445.144
657 444.467
658 443.807
659 443.166
660 442.548
661 441.954
662 441.386
663 440.848
664 440.342
665 439.869
666 439.433
667 439.036
668 438.68
669 438.369
670 438.103
671 437.886
672 437.72
673 437.608
674 437.552
675 437.554
676 437.617
677 437.744
678 437.936
679 438.196
680 438.527
681 438.931
682 439.41
683 439.968
684 440.605
685 441.326
686 442.131
687 443.024
688 444.008
689 445.084
690 446.254
691 447.523
692 448.89
693 450.361
694 451.936
695 453.618
696 455.409
697 457.313
698 459.33
699 461.465
700 463.719
701 466.095
702 468.595
703 471.222
704 473.977
705 476.864
706 479.885
707 483.042
708 486.338
709 489.776
710 493.356
711 497.083
712 500.959
713 504.985
714 509.165
715 513.5
716 517.994
717 522.649
718 527.466
719 532.449
720 537.6
721 542.922
722 548.416
723 554.085
724 559.933
725 565.96
726 572.17
727 578.565
728 585.148
729 591.92
730 598.885
731 606.044
732 613.401
733 620.957
734 628.715
735 636.678
736 644.848
737 653.227
738 661.818
739 670.623
740 679.645
741 688.886
742 698.348
743 708.035
744 717.947
745 728.089
746 738.462
747 749.068
748 759.911
749 770.992
750 782.315
751 793.88
752 805.692
753 817.752
754 830.063
755 842.627
756 855.446
757 868.524
758 881.862
759 895.463
760 909.329
761 923.463
762 937.867
763 952.544
764 967.496
765 982.726
766 998.235
767 1014.03
768 1030.1
769 1046.47
770 1063.12
771 1080.07
772 1097.31
773 1114.85
774 1132.68
775 9.684
