x	y
475 0.00654
476 0.445643
477 0.878375
478 1.29837
479 1.69924
480 2.07463
481 2.41817
482 2.72348
483 2.98419
484 3.19393
485 3.34633
486 3.43501
487 3.45362
488 3.39577
489 3.25509
490 3.02522
491 2.69978
492 2.2724
493 1.73671
494 1.08634
495 0.314919
496 -0.583928
497 -1.61657
498 -2.78938
499 -4.10872
500 -5.58098
501 -7.21251
502 -9.0097
503 -10.9789
504 -13.1265
505 -15.4589
506 -17.9824
507 -20.7034
508 -23.6283
509 -26.7634
510 -30.1152
511 -33.6899
512 -37.494
513 -41.5339
514 -45.8158
515 -50.3462
516 -55.1315
517 -60.178
518 -65.4921
519 -71.0801
520 -76.9485
521 -83.1036
522 -89.5518
523 -96.2994
524 -103.353
525 -0.1074
526 -1.01247
527 -1.91878
528 -2.77446
529 -3.52766
530 -4.12653
531 -4.51919
532 -4.65381
533 -4.47851
534 -3.94144
535 -2.99074
536 -1.57455
537 0.358974
538 2.8617
539 5.98549
540 9.7822
541 14.3037
542 19.6018
543 25.7284
544 32.7354
545 40.6745
546 49.5978
547 59.5569
548 70.6039
549 82.7905
550 96.1685
551 110.79
552 126.707
553 143.97
554 162.633
555 182.746
556 204.362
557 227.533
558 252.31
559 278.745
560 306.89
561 336.798
562 368.519
563 402.105
564 437.609
565 475.083
566 514.577
567 556.145
568 599.838
569 645.708
570 693.806
571 744.184
572 796.896
573 851.991
574 909.522
575 69.23
576 76.6601
577 84.3411
578 92.145
579 99.9435
580 107.609
581 115.012
582 122.026
583 128.523
584 134.373
585 139.449
586 143.624
587 146.768
588 148.753
589 149.453
590 148.737
591 146.48
592 142.551
593 136.823
594 129.168
595 119.459
596 107.566
597 93.3611
598 76.7172
599 57.5057
600 35.5984
601 10.8674
602 -16.8157
603 -47.5788
604 -81.55
605 -118.858
606 -159.63
607 -203.994
608 -252.079
609 -304.013
610 -359.924
611 -419.94
612 -484.189
613 -552.799
614 -625.898
615 -703.615
616 -786.077
617 -873.414
618 -965.752
619 -1063.22
620 -1165.95
621 -1274.06
622 -1387.68
623 -1506.95
624 -1631.99
625 461.3
626 460.502
627 459.149
628 457.375
629 455.314
630 453.099
631 450.864
632 448.742
633 446.869
634 445.376
635 444.398
636 444.069
637 444.523
638 445.892
639 448.312
640 451.915
641 456.835
642 463.206
643 471.162
644 480.836
645 492.363
646 505.875
647 521.508
648 539.393
649 559.666
650 582.459
651 607.907
652 636.143
653 667.301
654 701.515
655 738.918
656 779.644
657 823.827
658 871.601
659 923.099
660 978.455
661 1037.8
662 1101.28
663 1169.01
664 1241.13
665 1317.79
666 1399.1
667 1485.21
668 1576.24
669 1672.34
670 1773.63
671 1880.25
672 1992.33
673 2110.01
674 2233.42
675 41.1
676 34.2571
677 27.7786
678 21.6031
679 15.6694
680 9.91596
681 4.28153
682 -1.29529
683 -6.87585
684 -12.5215
685 -18.2937
686 -24.2537
687 -30.4629
688 -36.9826
689 -43.8743
690 -51.1993
691 -59.019
692 -67.3946
693 -76.3876
694 -86.0594
695 -96.4713
696 -107.685
697 -119.761
698 -132.761
699 -146.747
700 -161.78
701 -177.921
702 -195.232
703 -213.774
704 -233.608
705 -254.796
706 -277.399
707 -301.478
708 -327.096
709 -354.312
710 -383.189
711 -413.788
712 -446.17
713 -480.397
714 -516.53
715 -554.63
716 -594.759
717 -636.978
718 -681.349
719 -727.932
720 -776.79
721 -827.983
722 -881.573
723 -937.621
724 -996.189
725 7.992
726 9.41089
727 10.7545
728 12.0331
729 13.2569
730 14.4362
731 15.5812
732 16.7024
733 17.8098
734 18.9138
735 20.0246
736 21.1526
737 22.308
738 23.501
739 24.7419
740 26.041
741 27.4085
742 28.8548
743 30.3901
744 32.0246
745 33.7686
746 35.6325
747 37.6264
748 39.7606
749 42.0455
750 44.4912
751 47.108
752 49.9063
753 52.8962
754 56.088
755 59.4921
756 63.1186
757 66.9779
758 71.0802
759 75.4358
760 80.0549
761 84.9479
762 90.1249
763 95.5963
764 101.372
765 107.463
766 113.879
767 120.631
768 127.728
769 135.181
770 143
771 151.196
772 159.779
773 168.758
774 178.145
775 9.684
