t x y error
0 475 0.00654 0
0.02 476 0.446528 0.440039
0.04 477 0.885454 0.879017
0.06 478 1.32226 1.31587
0.08 479 1.75587 1.74954
0.1 480 2.18524 2.17897
0.12 481 2.6093 2.60308
0.14 482 3.02699 3.02083
0.16 483 3.43725 3.43114
0.18 484 3.83901 3.83296
0.2 485 4.23121 4.22522
0.22 486 4.6128 4.60686
0.24 487 4.9827 4.97683
0.26 488 5.33987 5.33405
0.28 489 5.68323 5.67747
0.3 490 6.01172 6.00602
0.32 491 6.32428 6.31865
0.34 492 6.61986 6.61428
0.36 493 6.89738 6.89186
0.38 494 7.15579 7.15034
0.4 495 7.39402 7.38863
0.42 496 7.61102 7.60569
0.44 497 7.80572 7.80045
0.46 498 7.97705 7.97185
0.48 499 8.12397 8.11883
0.5 500 8.24539 8.24032
0.52 501 8.34028 13.2463
0.54 502 8.40755 12.8255
0.56 503 8.44615 12.4302
0.58 504 8.45502 12.053
0.6 505 8.4331 11.6881
0.62 506 8.37932 11.3283
0.64 507 8.29262 10.9706
0.66 508 8.17195 10.6079
0.68 509 8.01623 10.2372
0.7 510 7.82441 9.85441
0.72 511 7.59542 9.45542
0.74 512 7.3282 9.0372
0.76 513 7.0217 8.5957
0.78 514 6.67485 8.12885
0.8 515 6.28658 7.63258
0.82 516 5.85584 7.10384
0.84 517 5.38156 6.53856
0.86 518 4.86268 5.93068
0.88 519 4.29815 5.27425
0.9 520 3.68689 4.56189
0.92 521 3.02785 3.78655
0.94 522 2.31996 2.94336
0.96 523 1.56216 2.03336
0.98 524 0.753397 1.0534
1 525 -0.1074 0
1.02 526 -1.01967 1.12257
1.04 527 -1.9764 2.304
1.06 528 -2.96893 3.53263
1.08 529 -3.98862 4.79762
1.1 530 -5.02684 6.08884
1.12 531 -6.07493 7.39593
1.14 532 -7.12426 8.71026
1.16 533 -8.16618 10.0212
1.18 534 -9.19205 11.3201
1.2 535 -10.1932 12.5972
1.22 536 -11.1611 13.8451
1.24 537 -12.0869 15.0519
1.26 538 -12.9622 16.2122
1.28 539 -13.7781 17.3141
1.3 540 -14.5262 18.3512
1.32 541 -15.1977 19.3137
1.34 542 -15.784 20.193
1.36 543 -16.2765 20.9805
1.38 544 -16.6665 21.6685
1.4 545 -16.9454 22.2484
1.42 546 -17.1045 22.7875
1.44 547 -17.1352 23.1322
1.46 548 -17.0289 23.3519
1.48 549 -16.7768 23.4368
1.5 550 -16.3704 23.3704
1.52 551 -15.8011 23.1651
1.54 552 -15.0601 22.8031
1.56 553 -14.1388 22.2768
1.58 554 -13.0286 21.5826
1.6 555 -11.7209 20.7109
1.62 556 -10.207 19.659
1.64 557 -8.47823 18.4212
1.66 558 -6.52599 16.996
1.68 559 -4.34162 15.3716
1.7 560 -1.91649 13.5565
1.72 561 0.758062 11.5419
1.74 562 3.69066 9.33934
1.76 563 6.88996 6.95004
1.78 564 10.3646 4.3954
1.8 565 14.1232 1.70677
1.82 566 18.1745 1.04447
1.84 567 22.527 3.74699
1.86 568 27.1894 6.07942
1.88 569 32.1704 7.08041
1.9 570 37.4786 9.9286
1.92 571 43.1226 14.3026
1.94 572 49.1111 18.9011
1.96 573 55.4528 23.5528
1.98 574 62.1562 12.6662
2 575 69.23 0
2.02 576 76.6779 0.337879
2.04 577 84.4835 3.02346
2.06 578 92.6254 5.34539
2.08 579 101.082 6.77233
2.1 580 109.833 7.4329
2.12 581 118.856 7.65577
2.14 582 128.13 7.42959
2.16 583 137.633 6.83299
2.18 584 147.345 6.14462
2.2 585 157.243 5.04314
2.22 586 167.307 3.90719
2.24 587 177.515 2.51542
2.26 588 187.846 0.946466
2.28 589 198.279 0.0210097
2.3 590 208.792 4.09163
2.32 591 219.363 7.36305
2.34 592 229.972 10.2719
2.36 593 240.597 12.9968
2.38 594 251.216 15.7164
2.4 595 261.809 18.4093
2.42 596 272.354 21.0543
2.44 597 282.83 23.6299
2.46 598 293.215 26.3148
2.48 599 303.488 29.1876
2.5 600 313.627 32.0271
2.52 601 323.612 22.2118
2.54 602 333.42 24.1204
2.56 603 343.031 26.1315
2.58 604 352.424 28.1238
2.6 605 361.576 29.9759
2.62 606 370.467 31.7665
2.64 607 379.074 33.1743
2.66 608 387.378 33.5778
2.68 609 395.356 28.9557
2.7 610 402.987 28.9867
2.72 611 410.249 30.0494
2.74 612 417.122 31.0225
2.76 613 423.585 32.0846
2.78 614 429.614 33.0143
2.8 615 435.19 33.7903
2.82 616 440.291 31.1913
2.84 617 444.896 29.5959
2.86 618 448.983 26.2828
2.88 619 452.531 13.9305
2.9 620 455.518 13.9178
2.92 621 457.923 11.7233
2.94 622 459.726 9.12558
2.96 623 460.903 6.40337
2.98 624 461.435 3.3353
3 625 461.3 0
3.02 626 460.483 0.216598
3.04 627 459.001 2.40052
3.06 628 456.874 3.57363
3.08 629 454.125 3.62504
3.1 630 450.777 2.87702
3.12 631 446.852 1.75186
3.14 632 442.372 0.471852
3.16 633 437.359 0.640718
3.18 634 431.836 1.26356
3.2 635 425.826 1.0744
3.22 636 419.349 0.249068
3.24 637 412.429 2.32912
3.26 638 405.088 5.18804
3.28 639 397.348 8.54813
3.3 640 389.232 12.3317
3.32 641 380.761 16.4609
3.34 642 371.958 20.9582
3.36 643 362.846 26.6458
3.38 644 353.446 31.346
3.4 645 343.781 35.4811
3.42 646 333.873 39.7734
3.44 647 323.745 46.0451
3.46 648 313.419 53.9186
3.48 649 302.916 58.7161
3.5 650 292.26 62.9599
3.52 651 281.472 66.4723
3.54 652 270.576 69.3756
3.56 653 259.592 71.4921
3.58 654 248.544 72.9441
3.6 655 237.454 73.6538
3.62 656 226.344 73.7436
3.64 657 215.236 73.1357
3.66 658 204.152 71.8525
3.68 659 193.116 70.0161
3.7 660 182.149 67.5489
3.72 661 171.273 64.6732
3.74 662 160.511 61.3413
3.76 663 149.885 57.5854
3.78 664 139.418 53.4879
3.8 665 129.131 49.091
3.82 666 119.047 44.4571
3.84 667 109.188 39.6283
3.86 668 99.577 34.657
3.88 669 90.2355 29.6055
3.9 670 81.1861 24.5061
3.92 671 72.451 19.411
3.94 672 64.0526 14.3726
3.96 673 56.0131 9.43308
3.98 674 48.3548 4.62479
4 675 41.1 0
4.02 676 34.2656 4.40441
4.04 677 27.8467 8.58327
4.06 678 21.8332 12.5268
4.08 679 16.2148 16.2352
4.1 680 10.9813 19.7087
4.12 681 6.12242 22.9376
4.14 682 1.62798 25.922
4.16 683 -2.51226 28.6723
4.18 684 -6.30853 31.1785
4.2 685 -9.77105 33.4411
4.22 686 -12.9101 35.4801
4.24 687 -15.7358 37.2758
4.26 688 -18.2584 38.8384
4.28 689 -20.4882 40.1882
4.3 690 -22.4354 41.3054
4.32 691 -24.1102 42.2102
4.34 692 -25.5229 42.9129
4.36 693 -26.6836 43.4036
4.38 694 -27.6027 43.7027
4.4 695 -28.2902 43.8102
4.42 696 -28.7565 43.7365
4.44 697 -29.0118 43.4918
4.46 698 -29.0663 43.0663
4.48 699 -28.9302 42.4902
4.5 700 -28.6138 41.7638
4.52 701 -28.1273 40.8873
4.54 702 -27.4809 39.8709
4.56 703 -26.6848 38.7348
4.58 704 -25.7493 37.4793
4.6 705 -24.6847 36.1147
4.62 706 -23.501 34.651
4.64 707 -22.2086 33.0886
4.66 708 -20.8176 31.4476
4.68 709 -19.3384 29.7284
4.7 710 -17.7811 27.9511
4.72 711 -16.1559 26.1179
4.74 712 -14.4732 24.2372
4.76 713 -12.7431 22.3201
4.78 714 -10.9758 20.3768
4.8 715 -9.18153 18.4155
4.82 716 -7.37059 16.4476
4.84 717 -5.55318 14.4822
4.86 718 -3.73952 12.5275
4.88 719 -1.93984 10.5948
4.9 720 -0.164366 8.69337
4.92 721 1.57668 6.83332
4.94 722 3.27307 5.02393
4.96 723 4.91457 3.27543
4.98 724 6.49095 1.59705
5 725 7.992 0
5.02 726 9.40947 1.50947
5.04 727 10.7431 2.93008
5.06 728 11.9945 4.26355
5.08 729 13.1656 5.51258
5.1 730 14.2579 6.67989
5.12 731 15.2732 7.76619
5.14 732 16.2132 8.7732
5.16 733 17.0796 9.70461
5.18 734 17.8741 10.5601
5.2 735 18.5985 11.3425
5.22 736 19.2544 12.0544
5.24 737 19.8436 12.6706
5.26 738 20.3677 13.2067
5.28 739 20.8286 13.6646
5.3 740 21.2278 14.0498
5.32 741 21.5671 14.3651
5.34 742 21.8482 14.6132
5.36 743 22.0729 14.7969
5.38 744 22.2428 14.9188
5.4 745 22.3596 14.9816
5.42 746 22.4251 14.9881
5.44 747 22.441 14.941
5.46 748 22.4089 14.8409
5.48 749 22.3307 14.6927
5.5 750 22.2079 14.4969
5.52 751 22.0424 14.2564
5.54 752 21.8358 13.9718
5.56 753 21.5898 13.6478
5.58 754 21.3062 13.2842
5.6 755 20.9867 12.8837
5.62 756 20.6329 12.4479
5.64 757 20.2466 11.9796
5.66 758 19.8295 11.4795
5.68 759 19.3833 10.9503
5.7 760 18.9097 10.3947
5.72 761 18.4105 9.81247
5.74 762 17.8873 9.20727
5.76 763 17.3418 8.57981
5.78 764 16.7758 7.93282
5.8 765 16.191 7.26701
5.82 766 15.5891 6.58508
5.84 767 14.9718 5.88875
5.86 768 14.3407 5.17973
5.88 769 13.6977 4.45873
5.9 770 13.0445 3.72846
5.92 771 12.3826 2.99164
5.94 772 11.714 2.24797
5.96 773 11.0402 1.50017
5.98 774 10.3629 0.749938
6 775 9.684 0
