t x y error
0 475 0.00654 0
0.0155322 476 -0.0273887 0.0338777
0.0310677 477 -0.0612517 0.0676887
0.0466097 478 -0.0949831 0.101367
0.0621616 479 -0.128517 0.134847
0.0777267 480 -0.161786 0.168062
0.0933083 481 -0.194724 0.200945
0.10891 482 -0.227263 0.233428
0.124535 483 -0.259334 0.265442
0.140186 484 -0.290867 0.296918
0.155868 485 -0.321791 0.327785
0.171584 486 -0.352035 0.35797
0.187338 487 -0.381524 0.387401
0.203133 488 -0.410183 0.416
0.218974 489 -0.437934 0.443692
0.234863 490 -0.464698 0.470396
0.250806 491 -0.490393 0.49603
0.266806 492 -0.514935 0.520511
0.282869 493 -0.538235 0.54375
0.298998 494 -0.560204 0.565657
0.315197 495 -0.580748 0.586139
0.331473 496 -0.599767 0.605096
0.34783 497 -0.617162 0.622428
0.364274 498 -0.632824 0.638027
0.380809 499 -0.646642 0.651782
0.397442 500 -0.6585 0.663577
0.414179 501 -0.668273 4.23773
0.431027 502 -0.675832 3.74217
0.447991 503 -0.68104 3.30296
0.465081 504 -0.683752 2.91425
0.482302 505 -0.683812 2.57119
0.499664 506 -0.681057 2.26794
0.517176 507 -0.675312 2.00269
0.534845 508 -0.666389 1.76961
0.552684 509 -0.654087 1.56691
0.570701 510 -0.638189 1.39181
0.58891 511 -0.618463 1.24154
0.607322 512 -0.594655 1.11434
0.625951 513 -0.566492 1.00751
0.644813 514 -0.533674 0.920326
0.663923 515 -0.495873 0.850127
0.683299 516 -0.452732 0.795268
0.702962 517 -0.403854 0.753146
0.722933 518 -0.3488 0.7192
0.743236 519 -0.287081 0.689019
0.763899 520 -0.218152 0.656848
0.784952 521 -0.141397 0.617303
0.80643 522 -0.0561194 0.567281
0.828373 523 0.0384745 0.509674
0.850827 524 0.143298 0.443298
0.873843 525 0.259408 0.366808
0.897484 526 0.388042 0.285142
0.921823 527 0.530665 0.203065
0.946947 528 0.68903 0.12533
0.972962 529 0.865264 0.0562644
1 530 1.062 0
1.02821 531 1.28211 0.0388889
1.05773 532 1.5273 0.0586953
1.08868 533 1.79896 0.0560353
1.12124 534 2.09848 0.0295182
1.15557 535 2.42719 0.0231911
1.19189 536 2.78627 0.102269
1.23045 537 3.17656 0.211562
1.2715 538 3.59832 0.348319
1.31537 539 4.05075 0.514753
1.3624 540 4.53137 0.706369
1.41295 541 5.03494 0.918943
1.46734 542 5.55204 1.14304
1.52582 543 6.06712 1.36312
1.58842 544 6.55646 1.55446
1.6548 545 6.98716 1.68416
1.72412 546 7.31884 1.63584
1.79497 547 7.51 1.513
1.86563 548 7.5279 1.2049
1.9344 549 7.35686 0.696861
2 550 7 0
2.06191 551 6.48711 0.876886
2.12074 552 5.89476 1.84824
2.17712 553 5.29066 2.84734
2.2315 554 4.72698 3.82702
2.28425 555 4.24597 4.74403
2.33564 556 3.8835 5.5685
2.38591 557 3.67119 6.27181
2.43524 558 3.63799 6.83201
2.4838 559 3.81122 7.21878
2.53172 560 4.2174 7.4226
2.57914 561 4.88294 7.41706
2.62617 562 5.8347 7.1953
2.6729 563 7.10048 6.73952
2.71945 564 8.7096 6.0504
2.7659 565 10.6934 5.13663
2.81235 566 13.0857 4.04431
2.85888 567 15.9237 2.85626
2.9056 568 19.2487 1.86131
2.95261 569 23.1067 1.9833
3 570 27.55 0
3.04787 571 32.6241 3.80407
3.09621 572 38.3217 8.11171
3.14499 573 44.6188 12.7188
3.19418 574 51.4875 1.99751
3.24374 575 58.8963 10.3337
3.29363 576 66.8099 9.5301
3.34382 577 75.1897 6.27029
3.39424 578 83.9937 3.28626
3.44487 579 93.177 1.13296
3.49563 580 102.692 0.292049
3.5465 581 112.489 1.28898
3.5974 582 122.516 1.81634
3.6483 583 132.721 1.9214
3.69913 584 143.051 1.85077
3.74985 585 153.451 1.25096
3.8004 586 163.869 0.468885
3.85074 587 174.252 0.747571
3.90081 588 184.551 2.34907
3.95058 589 194.716 3.58439
4 590 204.7 0
4.04905 591 214.47 2.47014
4.09779 592 224.033 4.33296
4.14629 593 233.404 5.80395
4.19461 594 242.597 7.09718
4.24282 595 251.625 8.22547
4.29098 596 260.501 9.20062
4.33915 597 269.234 10.0336
4.38741 598 277.834 10.9345
4.4358 599 286.313 12.013
4.4844 600 294.678 13.0783
4.53328 601 302.939 1.53919
4.58251 602 311.104 1.80409
4.63216 603 319.181 2.28143
4.68232 604 327.18 2.87952
4.73308 605 335.107 3.50676
4.78454 606 342.972 4.27179
4.83682 607 350.784 4.88361
4.89005 608 358.552 4.75178
4.94438 609 366.287 0.113276
5 610 374 0
5.05708 611 381.697 1.49721
5.11568 612 389.353 3.25335
5.17582 613 396.931 5.43135
5.23751 614 404.389 7.78868
5.30074 615 411.677 10.2771
5.36549 616 418.742 9.64242
5.4317 617 425.525 10.225
5.49931 618 431.96 9.25973
5.56822 619 437.977 0.622649
5.6383 620 443.505 1.90542
5.7094 621 448.47 2.27019
5.78133 622 452.799 2.19868
5.8539 623 456.421 1.92112
5.92687 624 459.274 1.17351
6 625 461.3 0
6.07306 626 462.452 1.75161
6.14584 627 462.677 6.07708
6.21813 628 461.934 8.63358
6.28975 629 460.191 9.69068
6.36053 630 457.43 9.53044
6.43031 631 453.647 8.54696
6.49899 632 448.845 6.94538
6.56644 633 443.041 5.04054
6.63259 634 436.256 3.15552
6.69737 635 428.52 1.61997
6.76076 636 419.869 0.768612
6.82272 637 410.34 0.239768
6.88324 638 399.974 0.074079
6.94233 639 388.813 0.0134202
7 640 376.9 0
7.0563 641 364.294 0.00637614
7.11137 642 351.118 0.118121
7.16536 643 337.497 1.29728
7.21839 644 323.539 1.43927
7.27057 645 309.34 1.03992
7.32201 646 294.985 0.885362
7.37278 647 280.554 2.85392
7.42296 648 266.118 6.61777
7.47262 649 251.744 7.54416
7.52183 650 237.496 8.19649
7.57063 651 223.435 8.43518
7.6191 652 209.618 8.41841
7.66727 653 196.103 8.00279
7.71519 654 182.944 7.34393
7.76291 655 170.197 6.39699
7.81048 656 157.917 5.31714
7.85793 657 146.16 4.06009
7.90531 658 134.982 2.68249
7.95265 659 124.442 1.34245
8 660 114.6 0
8.0474 661 105.501 1.09949
8.09487 662 97.1233 2.04673
8.14244 663 89.4319 2.86812
8.19014 664 82.3911 3.53895
8.23801 665 75.9664 4.07361
8.28606 666 70.1243 4.46575
8.33433 667 64.8315 4.72847
8.38286 668 60.0555 4.8645
8.43167 669 55.7636 4.8664
8.4808 670 51.9233 4.75671
8.5303 671 48.5018 4.53822
8.58019 672 45.4658 4.21416
8.63054 673 42.7816 3.79845
8.68137 674 40.414 3.31598
8.73275 675 38.327 2.77296
8.78473 676 36.4827 2.18725
8.83737 677 34.8412 1.58882
8.89075 678 33.3598 1.00024
8.94493 679 31.9926 0.45735
9 680 30.69 0
9.05601 681 29.4081 0.348091
9.11275 682 28.1439 0.593893
9.16996 683 26.9051 0.745135
9.22731 684 25.6994 0.829355
9.28449 685 24.5335 0.863487
9.3412 686 23.4135 0.84348
9.39716 687 22.344 0.804033
9.45211 688 21.3285 0.748451
9.50587 689 20.3686 0.668642
9.55828 690 19.4652 0.595228
9.60922 691 18.6177 0.517732
9.65864 692 17.8248 0.434803
9.70651 693 17.0844 0.364438
9.75282 694 16.3942 0.294196
9.79759 695 15.7514 0.231368
9.84086 696 15.1531 0.173121
9.88268 697 14.5966 0.116601
9.9231 698 14.079 0.0790128
9.96219 699 13.5977 0.0376632
10 700 13.15 0
10.0366 701 12.7334 0.0265815
10.0722 702 12.3448 0.0451912
10.1068 703 11.9814 0.0686079
10.1405 704 11.6408 0.0891558
10.1735 705 11.3212 0.108802
10.2058 706 11.0208 0.129227
10.2375 707 10.7381 0.141882
10.2686 708 10.472 0.158028
10.2992 709 10.2212 0.168767
10.3293 710 9.98493 0.185072
10.359 711 9.7622 0.199805
10.3883 712 9.55227 0.211731
10.4172 713 9.35446 0.222536
10.4458 714 9.16816 0.232836
10.474 715 8.99282 0.241184
10.502 716 8.82792 0.249084
10.5297 717 8.67301 0.255988
10.5571 718 8.52769 0.26031
10.5844 719 8.39157 0.263426
10.6114 720 8.26432 0.26468
10.6382 721 8.14561 0.264387
10.6648 722 8.03517 0.261833
10.6912 723 7.93272 0.257282
10.7175 724 7.83802 0.249977
10.7437 725 7.75086 0.24114
10.7697 726 7.67103 0.228974
10.7956 727 7.59833 0.214668
10.8214 728 7.53261 0.198392
10.8471 729 7.4737 0.179304
10.8728 730 7.42145 0.15655
10.8983 731 7.37574 0.131261
10.9238 732 7.33644 0.103557
10.9493 733 7.30345 0.0715479
10.9746 734 7.27667 0.0373325
11 735 7.256 0
11.0253 736 7.24135 0.0413534
11.0506 737 7.23257 0.0595727
11.0759 738 7.22949 0.0684885
11.1012 739 7.23193 0.0679331
11.1264 740 7.23974 0.0617404
11.1516 741 7.25275 0.0507454
11.1768 742 7.27078 0.0357849
11.202 743 7.2937 0.0176969
11.2271 744 7.32132 0.00267927
11.2522 745 7.3535 0.0245031
11.2773 746 7.39007 0.0469327
11.3024 747 7.43087 0.0691251
11.3275 748 7.47576 0.0922364
11.3525 749 7.52458 0.113421
11.3776 750 7.57717 0.133834
11.4026 751 7.63337 0.152627
11.4276 752 7.69305 0.170952
11.4526 753 7.75604 0.18596
11.4776 754 7.8222 0.199802
11.5025 755 7.89137 0.211626
11.5275 756 7.96342 0.221583
11.5524 757 8.03818 0.228818
11.5773 758 8.11552 0.23448
11.6023 759 8.19529 0.237714
11.6272 760 8.27733 0.237668
11.6521 761 8.36151 0.236486
11.6769 762 8.44769 0.232312
11.7018 763 8.53571 0.226292
11.7267 764 8.62543 0.217569
11.7516 765 8.71671 0.207286
11.7764 766 8.80941 0.194587
11.8013 767 8.90339 0.179614
11.8261 768 8.99849 0.162509
11.851 769 9.09458 0.144415
11.8758 770 9.19153 0.124474
11.9007 771 9.28917 0.101826
11.9255 772 9.38739 0.0786131
11.9503 773 9.48602 0.0539773
11.9752 774 9.58494 0.0280592
12 775 9.684 0
