1 0.709463
2 0.376798
3 0.275349
4 0.211428
5 0.163813
6 0.130928
7 0.109016
8 0.0940928
9 0.0833845
10 0.0752578
11 0.0687965
12 0.0634785
13 0.0589908
14 0.0551339
15 0.0517729
16 0.0488119
17 0.0461799
18 0.043823
19 0.0416988
20 0.0397735
21 0.03802
22 0.0364158
23 0.0349423
24 0.0335841
25 0.0323279
26 0.0311626
27 0.0300785
28 0.0290674
29 0.0281221
30 0.0272363
31 0.0264045
32 0.025622
33 0.0248843
34 0.0241878
35 0.0235291
36 0.0229052
37 0.0223133
38 0.0217511
39 0.0212164
40 0.0207072
41 0.0202217
42 0.0197583
43 0.0193155
44 0.018892
45 0.0184866
46 0.0180981
47 0.0177255
48 0.0173678
49 0.0170243
50 0.016694
51 0.0163762
52 0.0160702
53 0.0157755
54 0.0154913
55 0.0152172
56 0.0149527
57 0.0146972
58 0.0144502
59 0.0142115
60 0.0139805
61 0.013757
62 0.0135405
63 0.0133308
64 0.0131276
65 0.0129305
66 0.0127392
67 0.0125536
68 0.0123734
69 0.0121984
70 0.0120283
71 0.0118629
72 0.0117021
73 0.0115457
74 0.0113934
75 0.0112452
76 0.0111008
77 0.0109602
78 0.0108232
79 0.0106896
80 0.0105593
81 0.0104322
82 0.0103082
83 0.0101871
84 0.0100689
85 0.0099535
86 0.00984075
87 0.00973056
88 0.00962286
89 0.00951756
90 0.00941458
91 0.00931384
92 0.00921526
93 0.00911878
94 0.00902433
95 0.00893184
96 0.00884124
97 0.00875249
98 0.00866551
99 0.00858026
100 0.00849667
101 0.00841471
102 0.00833431
103 0.00825543
104 0.00817802
105 0.00810204
106 0.00802745
107 0.0079542
108 0.00788225
109 0.00781157
110 0.00774211
111 0.00767385
112 0.00760674
113 0.00754075
114 0.00747585
115 0.007412
116 0.00734919
117 0.00728737
118 0.00722651
119 0.0071666
120 0.0071076
121 0.00704948
122 0.00699223
123 0.00693581
124 0.00688021
125 0.00682539
126 0.00677135
127 0.00671805
128 0.00666547
129 0.0066136
130 0.00656241
131 0.00651189
132 0.00646201
133 0.00641277
134 0.00636413
135 0.00631609
136 0.00626863
137 0.00622173
138 0.00617538
139 0.00612956
140 0.00608425
141 0.00603945
142 0.00599515
143 0.00595131
144 0.00590795
145 0.00586503
146 0.00582256
147 0.00578051
148 0.00573888
149 0.00569766
150 0.00565684
151 0.0056164
152 0.00557634
153 0.00553664
154 0.00549731
155 0.00545832
156 0.00541968
157 0.00538137
158 0.00534338
159 0.00530572
160 0.00526836
161 0.00523131
162 0.00519455
163 0.00515808
164 0.0051219
165 0.005086
166 0.00505037
167 0.005015
168 0.0049799
169 0.00494505
170 0.00491045
171 0.0048761
172 0.00484199
173 0.00480812
174 0.00477448
175 0.00474107
176 0.00470788
177 0.00467492
178 0.00464217
179 0.00460964
180 0.00457732
181 0.00454521
182 0.0045133
183 0.00448159
184 0.00445009
185 0.00441878
186 0.00438766
187 0.00435674
188 0.004326
189 0.00429545
190 0.00426509
191 0.00423491
192 0.00420491
193 0.00417509
194 0.00414545
195 0.00411598
196 0.00408669
197 0.00405757
198 0.00402862
199 0.00399984
200 0.00397122
201 0.00394278
202 0.0039145
203 0.00388639
204 0.00385844
205 0.00383065
206 0.00380302
207 0.00377555
208 0.00374825
209 0.0037211
210 0.00369411
211 0.00366727
212 0.00364059
213 0.00361407
214 0.0035877
215 0.00356149
216 0.00353543
217 0.00350952
218 0.00348376
219 0.00345815
220 0.0034327
221 0.00340739
222 0.00338224
223 0.00335723
224 0.00333237
225 0.00330766
226 0.0032831
227 0.00325868
228 0.00323441
229 0.00321029
230 0.00318631
231 0.00316248
232 0.00313879
233 0.00311524
234 0.00309184
235 0.00306858
236 0.00304547
237 0.0030225
238 0.00299967
239 0.00297698
240 0.00295443
241 0.00293202
242 0.00290975
243 0.00288762
244 0.00286564
245 0.00284379
246 0.00282208
247 0.0028005
248 0.00277907
249 0.00275777
250 0.00273661
251 0.00271559
252 0.0026947
253 0.00267394
254 0.00265333
255 0.00263284
256 0.00261249
257 0.00259228
258 0.0025722
259 0.00255225
260 0.00253243
261 0.00251274
262 0.00249319
263 0.00247377
264 0.00245448
265 0.00243531
266 0.00241628
267 0.00239738
268 0.0023786
269 0.00235996
270 0.00234144
271 0.00232304
272 0.00230478
273 0.00228664
274 0.00226862
275 0.00225073
276 0.00223297
277 0.00221533
278 0.00219781
279 0.00218041
280 0.00216314
281 0.00214599
282 0.00212896
283 0.00211205
284 0.00209526
285 0.00207859
286 0.00206204
287 0.00204561
288 0.00202929
289 0.00201309
290 0.00199701
291 0.00198105
292 0.0019652
293 0.00194947
294 0.00193385
295 0.00191834
296 0.00190295
297 0.00188767
298 0.0018725
299 0.00185744
300 0.0018425
301 0.00182766
302 0.00181294
303 0.00179832
304 0.00178381
305 0.00176941
306 0.00175512
307 0.00174093
308 0.00172685
309 0.00171288
310 0.00169901
311 0.00168524
312 0.00167158
313 0.00165802
314 0.00164456
315 0.00163121
316 0.00161796
317 0.0016048
318 0.00159175
319 0.0015788
320 0.00156594
321 0.00155319
322 0.00154053
323 0.00152797
324 0.0015155
325 0.00150313
326 0.00149086
327 0.00147868
328 0.00146659
329 0.0014546
330 0.0014427
331 0.00143089
332 0.00141918
333 0.00140755
334 0.00139602
335 0.00138458
336 0.00137322
337 0.00136196
338 0.00135078
339 0.00133969
340 0.00132868
341 0.00131776
342 0.00130693
343 0.00129619
344 0.00128552
345 0.00127495
346 0.00126445
347 0.00125404
348 0.00124371
349 0.00123346
350 0.0012233
351 0.00121321
352 0.0012032
353 0.00119328
354 0.00118343
355 0.00117366
356 0.00116397
357 0.00115435
358 0.00114482
359 0.00113535
360 0.00112597
361 0.00111666
362 0.00110742
363 0.00109826
364 0.00108917
365 0.00108015
366 0.00107121
367 0.00106234
368 0.00105354
369 0.00104481
370 0.00103615
371 0.00102756
372 0.00101904
373 0.00101058
374 0.0010022
375 0.000993885
376 0.000985637
377 0.000977455
378 0.000969339
379 0.00096129
380 0.000953305
381 0.000945385
382 0.000937529
383 0.000929737
384 0.000922009
385 0.000914343
386 0.00090674
387 0.000899198
388 0.000891718
389 0.000884299
390 0.00087694
391 0.000869641
392 0.000862402
393 0.000855222
394 0.0008481
395 0.000841037
396 0.000834031
397 0.000827083
398 0.000820191
399 0.000813356
400 0.000806577
401 0.000799854
402 0.000793185
403 0.000786571
404 0.000780012
405 0.000773506
406 0.000767054
407 0.000760654
408 0.000754308
409 0.000748013
410 0.00074177
411 0.000735579
412 0.000729438
413 0.000723348
414 0.000717308
415 0.000711318
416 0.000705377
417 0.000699486
418 0.000693642
419 0.000687847
420 0.0006821
421 0.0006764
422 0.000670748
423 0.000665141
424 0.000659582
425 0.000654068
426 0.0006486
427 0.000643177
428 0.000637798
429 0.000632465
430 0.000627175
431 0.000621929
432 0.000616727
433 0.000611567
434 0.000606451
435 0.000601377
436 0.000596345
437 0.000591354
438 0.000586405
439 0.000581497
440 0.00057663
441 0.000571803
442 0.000567016
443 0.000562269
444 0.000557561
445 0.000552892
446 0.000548262
447 0.000543671
448 0.000539118
449 0.000534602
450 0.000530124
451 0.000525684
452 0.00052128
453 0.000516913
454 0.000512582
455 0.000508287
456 0.000504028
457 0.000499805
458 0.000495616
459 0.000491463
460 0.000487344
461 0.000483259
462 0.000479209
463 0.000475192
464 0.000471208
465 0.000467258
466 0.000463341
467 0.000459456
468 0.000455604
469 0.000451784
470 0.000447995
471 0.000444239
472 0.000440513
473 0.000436819
474 0.000433155
475 0.000429522
476 0.00042592
477 0.000422347
478 0.000418805
479 0.000415292
480 0.000411808
481 0.000408353
482 0.000404927
483 0.00040153
484 0.000398161
485 0.000394821
486 0.000391508
487 0.000388223
488 0.000384965
489 0.000381735
490 0.000378531
491 0.000375355
492 0.000372204
493 0.000369081
494 0.000365983
495 0.000362911
496 0.000359865
497 0.000356845
498 0.00035385
499 0.000350879
500 0.000347934
501 0.000345013
502 0.000342117
503 0.000339245
504 0.000336397
505 0.000333573
506 0.000330772
507 0.000327995
508 0.000325241
509 0.00032251
510 0.000319803
511 0.000317117
512 0.000314455
513 0.000311814
514 0.000309196
515 0.000306599
516 0.000304025
517 0.000301471
518 0.00029894
519 0.000296429
520 0.00029394
521 0.000291471
522 0.000289023
523 0.000286596
524 0.000284189
525 0.000281802
526 0.000279435
527 0.000277088
528 0.000274761
529 0.000272453
530 0.000270164
531 0.000267895
532 0.000265644
533 0.000263413
534 0.0002612
535 0.000259006
536 0.00025683
537 0.000254673
538 0.000252533
539 0.000250412
540 0.000248308
541 0.000246222
542 0.000244153
543 0.000242102
544 0.000240068
545 0.000238051
546 0.000236051
547 0.000234068
548 0.000232101
549 0.000230151
550 0.000228217
551 0.0002263
552 0.000224398
553 0.000222513
554 0.000220643
555 0.000218789
556 0.000216951
557 0.000215128
558 0.00021332
559 0.000211528
560 0.00020975
561 0.000207988
562 0.00020624
563 0.000204507
564 0.000202788
565 0.000201084
566 0.000199394
567 0.000197719
568 0.000196057
569 0.00019441
570 0.000192776
571 0.000191156
572 0.000189549
573 0.000187956
574 0.000186377
575 0.00018481
576 0.000183257
577 0.000181717
578 0.00018019
579 0.000178675
580 0.000177174
581 0.000175685
582 0.000174208
583 0.000172744
584 0.000171292
585 0.000169852
586 0.000168425
587 0.000167009
588 0.000165606
589 0.000164214
590 0.000162833
591 0.000161465
592 0.000160108
593 0.000158762
594 0.000157428
595 0.000156104
596 0.000154792
597 0.000153491
598 0.000152201
599 0.000150922
600 0.000149653
601 0.000148395
602 0.000147148
603 0.000145911
604 0.000144684
605 0.000143468
606 0.000142262
607 0.000141067
608 0.000139881
609 0.000138705
610 0.000137539
611 0.000136383
612 0.000135236
613 0.0001341
614 0.000132972
615 0.000131855
616 0.000130746
617 0.000129647
618 0.000128557
619 0.000127477
620 0.000126405
621 0.000125342
622 0.000124289
623 0.000123244
624 0.000122208
625 0.000121181
626 0.000120162
627 0.000119152
628 0.00011815
629 0.000117157
630 0.000116172
631 0.000115195
632 0.000114227
633 0.000113267
634 0.000112315
635 0.00011137
636 0.000110434
637 0.000109506
638 0.000108585
639 0.000107672
640 0.000106767
641 0.00010587
642 0.00010498
643 0.000104097
644 0.000103222
645 0.000102354
646 0.000101494
647 0.00010064
648 9.97944e-05
649 9.89554e-05
650 9.81235e-05
651 9.72986e-05
652 9.64806e-05
653 9.56695e-05
654 9.48652e-05
655 9.40677e-05
656 9.32769e-05
657 9.24927e-05
658 9.17151e-05
659 9.0944e-05
660 9.01794e-05
661 8.94213e-05
662 8.86695e-05
663 8.79241e-05
664 8.71849e-05
665 8.64519e-05
666 8.57251e-05
667 8.50044e-05
668 8.42897e-05
669 8.35811e-05
670 8.28784e-05
671 8.21816e-05
672 8.14907e-05
673 8.08056e-05
674 8.01262e-05
675 7.94526e-05
676 7.87846e-05
677 7.81222e-05
678 7.74654e-05
679 7.68141e-05
680 7.61683e-05
681 7.5528e-05
682 7.4893e-05
683 7.42633e-05
684 7.36389e-05
685 7.30198e-05
686 7.24059e-05
687 7.17972e-05
688 7.11935e-05
689 7.0595e-05
690 7.00015e-05
691 6.94129e-05
692 6.88293e-05
693 6.82507e-05
694 6.76768e-05
695 6.71079e-05
696 6.65436e-05
697 6.59842e-05
698 6.54294e-05
699 6.48793e-05
700 6.43338e-05
701 6.37929e-05
702 6.32566e-05
703 6.27248e-05
704 6.21974e-05
705 6.16745e-05
706 6.11559e-05
707 6.06418e-05
708 6.01319e-05
709 5.96263e-05
710 5.9125e-05
711 5.86279e-05
712 5.8135e-05
713 5.76462e-05
714 5.71616e-05
715 5.6681e-05
716 5.62044e-05
717 5.57319e-05
718 5.52633e-05
719 5.47987e-05
720 5.43379e-05
721 5.38811e-05
722 5.3428e-05
723 5.29788e-05
724 5.25334e-05
725 5.20917e-05
726 5.16538e-05
727 5.12195e-05
728 5.07888e-05
729 5.03618e-05
730 4.99384e-05
731 4.95185e-05
732 4.91022e-05
733 4.86893e-05
734 4.828e-05
735 4.7874e-05
736 4.74715e-05
737 4.70724e-05
738 4.66766e-05
739 4.62842e-05
740 4.5895e-05
741 4.55092e-05
742 4.51265e-05
743 4.47471e-05
744 4.43709e-05
745 4.39978e-05
746 4.36279e-05
747 4.32611e-05
748 4.28974e-05
749 4.25367e-05
750 4.2179e-05
751 4.18244e-05
752 4.14728e-05
753 4.11241e-05
754 4.07783e-05
755 4.04354e-05
756 4.00955e-05
757 3.97583e-05
758 3.94241e-05
759 3.90926e-05
760 3.87639e-05
761 3.8438e-05
762 3.81148e-05
763 3.77943e-05
764 3.74766e-05
765 3.71615e-05
766 3.6849e-05
767 3.65392e-05
768 3.6232e-05
769 3.59274e-05
770 3.56253e-05
771 3.53257e-05
772 3.50287e-05
773 3.47342e-05
774 3.44422e-05
775 3.41526e-05
776 3.38654e-05
777 3.35807e-05
778 3.32984e-05
779 3.30184e-05
780 3.27408e-05
781 3.24655e-05
782 3.21925e-05
783 3.19219e-05
784 3.16535e-05
785 3.13873e-05
786 3.11234e-05
787 3.08617e-05
788 3.06023e-05
789 3.0345e-05
790 3.00898e-05
791 2.98368e-05
792 2.9586e-05
793 2.93372e-05
794 2.90905e-05
795 2.88459e-05
796 2.86034e-05
797 2.83629e-05
798 2.81244e-05
799 2.7888e-05
800 2.76535e-05
801 2.7421e-05
802 2.71904e-05
803 2.69618e-05
804 2.67351e-05
805 2.65103e-05
806 2.62874e-05
807 2.60664e-05
808 2.58473e-05
809 2.56299e-05
810 2.54144e-05
811 2.52008e-05
812 2.49889e-05
813 2.47788e-05
814 2.45704e-05
815 2.43638e-05
816 2.4159e-05
817 2.39559e-05
818 2.37544e-05
819 2.35547e-05
820 2.33567e-05
821 2.31603e-05
822 2.29656e-05
823 2.27725e-05
824 2.2581e-05
825 2.23911e-05
826 2.22029e-05
827 2.20162e-05
828 2.18311e-05
829 2.16475e-05
830 2.14655e-05
831 2.1285e-05
832 2.11061e-05
833 2.09286e-05
834 2.07526e-05
835 2.05782e-05
836 2.04051e-05
837 2.02336e-05
838 2.00634e-05
839 1.98948e-05
840 1.97275e-05
841 1.95616e-05
842 1.93971e-05
843 1.9234e-05
844 1.90723e-05
845 1.8912e-05
846 1.8753e-05
847 1.85953e-05
848 1.84389e-05
849 1.82839e-05
850 1.81302e-05
851 1.79777e-05
852 1.78266e-05
853 1.76767e-05
854 1.75281e-05
855 1.73807e-05
856 1.72346e-05
857 1.70896e-05
858 1.6946e-05
859 1.68035e-05
860 1.66622e-05
861 1.65221e-05
862 1.63832e-05
863 1.62454e-05
864 1.61088e-05
865 1.59734e-05
866 1.58391e-05
867 1.57059e-05
868 1.55739e-05
869 1.54429e-05
870 1.53131e-05
871 1.51843e-05
872 1.50566e-05
873 1.49301e-05
874 1.48045e-05
875 1.468e-05
876 1.45566e-05
877 1.44342e-05
878 1.43129e-05
879 1.41925e-05
880 1.40732e-05
881 1.39549e-05
882 1.38375e-05
883 1.37212e-05
884 1.36058e-05
885 1.34914e-05
886 1.3378e-05
887 1.32655e-05
888 1.3154e-05
889 1.30434e-05
890 1.29337e-05
891 1.2825e-05
892 1.27171e-05
893 1.26102e-05
894 1.25042e-05
895 1.2399e-05
896 1.22948e-05
897 1.21914e-05
898 1.20889e-05
899 1.19873e-05
900 1.18865e-05
901 1.17865e-05
902 1.16874e-05
903 1.15892e-05
904 1.14917e-05
905 1.13951e-05
906 1.12993e-05
907 1.12043e-05
908 1.11101e-05
909 1.10167e-05
910 1.0924e-05
911 1.08322e-05
912 1.07411e-05
913 1.06508e-05
914 1.05612e-05
915 1.04724e-05
916 1.03844e-05
917 1.02971e-05
918 1.02105e-05
919 1.01247e-05
920 1.00395e-05
921 9.95511e-06
922 9.87141e-06
923 9.78841e-06
924 9.70611e-06
925 9.6245e-06
926 9.54358e-06
927 9.46334e-06
928 9.38377e-06
929 9.30487e-06
930 9.22663e-06
931 9.14906e-06
932 9.07213e-06
933 8.99585e-06
934 8.92022e-06
935 8.84521e-06
936 8.77084e-06
937 8.6971e-06
938 8.62397e-06
939 8.55146e-06
940 8.47956e-06
941 8.40827e-06
942 8.33757e-06
943 8.26747e-06
944 8.19795e-06
945 8.12903e-06
946 8.06068e-06
947 7.9929e-06
948 7.9257e-06
949 7.85906e-06
950 7.79298e-06
951 7.72746e-06
952 7.66248e-06
953 7.59806e-06
954 7.53417e-06
955 7.47083e-06
956 7.40801e-06
957 7.34573e-06
958 7.28396e-06
959 7.22272e-06
960 7.16199e-06
961 7.10177e-06
962 7.04206e-06
963 6.98285e-06
964 6.92414e-06
965 6.86592e-06
966 6.80819e-06
967 6.75095e-06
968 6.69419e-06
969 6.6379e-06
970 6.58209e-06
971 6.52675e-06
972 6.47187e-06
973 6.41746e-06
974 6.3635e-06
975 6.30999e-06
976 6.25694e-06
977 6.20433e-06
978 6.15216e-06
979 6.10044e-06
980 6.04914e-06
981 5.99828e-06
982 5.94785e-06
983 5.89784e-06
984 5.84825e-06
985 5.79908e-06
986 5.75032e-06
987 5.70197e-06
988 5.65403e-06
989 5.60649e-06
990 5.55935e-06
991 5.51261e-06
992 5.46626e-06
993 5.4203e-06
994 5.37472e-06
995 5.32953e-06
996 5.28472e-06
997 5.24029e-06
998 5.19623e-06
999 5.15254e-06
1000 5.10922e-06
1001 5.06626e-06
1002 5.02366e-06
1003 4.98142e-06
1004 4.93954e-06
1005 4.89801e-06
1006 4.85682e-06
1007 4.81599e-06
1008 4.77549e-06
1009 4.73534e-06
1010 4.69553e-06
1011 4.65605e-06
1012 4.6169e-06
1013 4.57808e-06
1014 4.53959e-06
1015 4.50142e-06
1016 4.46357e-06
1017 4.42604e-06
1018 4.38883e-06
1019 4.35193e-06
1020 4.31533e-06
1021 4.27905e-06
1022 4.24307e-06
1023 4.2074e-06
1024 4.17202e-06
1025 4.13694e-06
1026 4.10216e-06
1027 4.06767e-06
1028 4.03347e-06
1029 3.99955e-06
1030 3.96593e-06
1031 3.93258e-06
1032 3.89951e-06
1033 3.86673e-06
1034 3.83422e-06
1035 3.80198e-06
1036 3.77001e-06
1037 3.73831e-06
1038 3.70688e-06
1039 3.67571e-06
1040 3.64481e-06
1041 3.61416e-06
1042 3.58377e-06
1043 3.55364e-06
1044 3.52376e-06
1045 3.49414e-06
1046 3.46476e-06
1047 3.43563e-06
1048 3.40674e-06
1049 3.37809e-06
1050 3.34969e-06
1051 3.32153e-06
1052 3.2936e-06
1053 3.26591e-06
1054 3.23845e-06
1055 3.21122e-06
1056 3.18422e-06
1057 3.15745e-06
1058 3.1309e-06
1059 3.10457e-06
1060 3.07847e-06
1061 3.05259e-06
1062 3.02692e-06
1063 3.00147e-06
1064 2.97623e-06
1065 2.95121e-06
1066 2.9264e-06
1067 2.90179e-06
1068 2.87739e-06
1069 2.8532e-06
1070 2.82921e-06
1071 2.80542e-06
1072 2.78183e-06
1073 2.75844e-06
1074 2.73525e-06
1075 2.71225e-06
1076 2.68945e-06
1077 2.66683e-06
1078 2.64441e-06
1079 2.62218e-06
1080 2.60013e-06
1081 2.57827e-06
1082 2.55659e-06
1083 2.53509e-06
1084 2.51378e-06
1085 2.49264e-06
1086 2.47169e-06
1087 2.4509e-06
1088 2.4303e-06
1089 2.40986e-06
1090 2.3896e-06
1091 2.36951e-06
1092 2.34959e-06
1093 2.32983e-06
1094 2.31024e-06
1095 2.29082e-06
1096 2.27156e-06
1097 2.25246e-06
1098 2.23352e-06
1099 2.21474e-06
1100 2.19612e-06
1101 2.17765e-06
1102 2.15934e-06
1103 2.14119e-06
1104 2.12318e-06
1105 2.10533e-06
1106 2.08763e-06
1107 2.07008e-06
1108 2.05267e-06
1109 2.03541e-06
1110 2.0183e-06
1111 2.00133e-06
1112 1.9845e-06
1113 1.96782e-06
1114 1.95127e-06
1115 1.93486e-06
1116 1.9186e-06
1117 1.90246e-06
1118 1.88647e-06
1119 1.87061e-06
1120 1.85488e-06
1121 1.83928e-06
1122 1.82382e-06
1123 1.80848e-06
1124 1.79328e-06
1125 1.7782e-06
1126 1.76325e-06
1127 1.74842e-06
1128 1.73372e-06
1129 1.71915e-06
1130 1.70469e-06
1131 1.69036e-06
1132 1.67615e-06
1133 1.66205e-06
1134 1.64808e-06
1135 1.63422e-06
1136 1.62048e-06
1137 1.60686e-06
1138 1.59334e-06
1139 1.57995e-06
1140 1.56666e-06
1141 1.55349e-06
1142 1.54043e-06
1143 1.52748e-06
1144 1.51463e-06
1145 1.5019e-06
1146 1.48927e-06
1147 1.47675e-06
1148 1.46433e-06
1149 1.45202e-06
1150 1.43981e-06
1151 1.42771e-06
1152 1.4157e-06
1153 1.4038e-06
1154 1.392e-06
1155 1.38029e-06
1156 1.36869e-06
1157 1.35718e-06
1158 1.34577e-06
1159 1.33445e-06
1160 1.32323e-06
1161 1.31211e-06
1162 1.30107e-06
1163 1.29013e-06
1164 1.27929e-06
1165 1.26853e-06
1166 1.25787e-06
1167 1.24729e-06
1168 1.2368e-06
1169 1.2264e-06
1170 1.21609e-06
1171 1.20587e-06
1172 1.19573e-06
1173 1.18567e-06
1174 1.1757e-06
1175 1.16582e-06
1176 1.15602e-06
1177 1.1463e-06
1178 1.13666e-06
1179 1.1271e-06
1180 1.11763e-06
1181 1.10823e-06
1182 1.09891e-06
1183 1.08967e-06
1184 1.08051e-06
1185 1.07142e-06
1186 1.06242e-06
1187 1.05348e-06
1188 1.04462e-06
1189 1.03584e-06
1190 1.02713e-06
1191 1.0185e-06
1192 1.00993e-06
1193 1.00144e-06
1194 9.93021e-07
1195 9.84671e-07
1196 9.76392e-07
1197 9.68183e-07
1198 9.60042e-07
1199 9.5197e-07
1200 9.43966e-07
1201 9.36029e-07
1202 9.28159e-07
1203 9.20355e-07
1204 9.12617e-07
1205 9.04943e-07
1206 8.97335e-07
1207 8.8979e-07
1208 8.82309e-07
1209 8.7489e-07
1210 8.67534e-07
1211 8.6024e-07
1212 8.53007e-07
1213 8.45835e-07
1214 8.38723e-07
1215 8.31671e-07
1216 8.24678e-07
1217 8.17744e-07
1218 8.10869e-07
1219 8.04051e-07
1220 7.97291e-07
1221 7.90587e-07
1222 7.8394e-07
1223 7.77348e-07
1224 7.70812e-07
1225 7.64331e-07
1226 7.57905e-07
1227 7.51532e-07
1228 7.45213e-07
1229 7.38948e-07
1230 7.32735e-07
1231 7.26574e-07
1232 7.20465e-07
1233 7.14407e-07
1234 7.084e-07
1235 7.02444e-07
1236 6.96538e-07
1237 6.90681e-07
1238 6.84874e-07
1239 6.79116e-07
1240 6.73406e-07
1241 6.67744e-07
1242 6.62129e-07
1243 6.56562e-07
1244 6.51042e-07
1245 6.45568e-07
1246 6.4014e-07
1247 6.34758e-07
1248 6.29421e-07
1249 6.24128e-07
1250 6.18881e-07
1251 6.13677e-07
1252 6.08517e-07
1253 6.03401e-07
1254 5.98328e-07
1255 5.93297e-07
1256 5.88308e-07
1257 5.83362e-07
1258 5.78457e-07
1259 5.73593e-07
1260 5.6877e-07
1261 5.63988e-07
1262 5.59246e-07
1263 5.54544e-07
1264 5.49881e-07
1265 5.45258e-07
1266 5.40674e-07
1267 5.36128e-07
1268 5.3162e-07
1269 5.2715e-07
1270 5.22718e-07
1271 5.18323e-07
1272 5.13965e-07
1273 5.09643e-07
1274 5.05358e-07
1275 5.01109e-07
1276 4.96896e-07
1277 4.92718e-07
1278 4.88575e-07
1279 4.84467e-07
1280 4.80394e-07
1281 4.76354e-07
1282 4.72349e-07
1283 4.68378e-07
1284 4.6444e-07
1285 4.60535e-07
1286 4.56662e-07
1287 4.52823e-07
1288 4.49016e-07
1289 4.4524e-07
1290 4.41497e-07
1291 4.37784e-07
1292 4.34104e-07
1293 4.30454e-07
1294 4.26834e-07
1295 4.23246e-07
1296 4.19687e-07
1297 4.16158e-07
1298 4.12659e-07
1299 4.09189e-07
1300 4.05749e-07
1301 4.02337e-07
1302 3.98955e-07
1303 3.956e-07
1304 3.92274e-07
1305 3.88976e-07
1306 3.85705e-07
1307 3.82462e-07
1308 3.79246e-07
1309 3.76058e-07
1310 3.72896e-07
1311 3.69761e-07
1312 3.66652e-07
1313 3.63569e-07
1314 3.60512e-07
1315 3.57481e-07
1316 3.54475e-07
1317 3.51495e-07
1318 3.48539e-07
1319 3.45609e-07
1320 3.42703e-07
1321 3.39821e-07
1322 3.36964e-07
1323 3.34131e-07
1324 3.31322e-07
1325 3.28536e-07
1326 3.25773e-07
1327 3.23034e-07
1328 3.20318e-07
1329 3.17625e-07
1330 3.14954e-07
1331 3.12306e-07
1332 3.0968e-07
1333 3.07077e-07
1334 3.04495e-07
1335 3.01935e-07
1336 2.99396e-07
1337 2.96879e-07
1338 2.94382e-07
1339 2.91907e-07
1340 2.89453e-07
1341 2.87019e-07
1342 2.84606e-07
1343 2.82213e-07
1344 2.7984e-07
1345 2.77487e-07
1346 2.75154e-07
1347 2.72841e-07
1348 2.70547e-07
1349 2.68272e-07
1350 2.66016e-07
1351 2.63779e-07
1352 2.61562e-07
1353 2.59362e-07
1354 2.57182e-07
1355 2.55019e-07
1356 2.52875e-07
1357 2.50749e-07
1358 2.48641e-07
1359 2.4655e-07
1360 2.44477e-07
1361 2.42421e-07
1362 2.40383e-07
1363 2.38362e-07
1364 2.36358e-07
1365 2.34371e-07
1366 2.324e-07
1367 2.30446e-07
1368 2.28508e-07
1369 2.26587e-07
1370 2.24682e-07
1371 2.22793e-07
1372 2.2092e-07
1373 2.19062e-07
1374 2.1722e-07
1375 2.15394e-07
1376 2.13583e-07
1377 2.11787e-07
1378 2.10006e-07
1379 2.08241e-07
1380 2.0649e-07
1381 2.04753e-07
1382 2.03032e-07
1383 2.01325e-07
1384 1.99632e-07
1385 1.97954e-07
1386 1.96289e-07
1387 1.94639e-07
1388 1.93002e-07
1389 1.91379e-07
1390 1.8977e-07
1391 1.88175e-07
1392 1.86593e-07
1393 1.85024e-07
1394 1.83468e-07
1395 1.81925e-07
1396 1.80396e-07
1397 1.78879e-07
1398 1.77375e-07
1399 1.75884e-07
1400 1.74405e-07
1401 1.72938e-07
1402 1.71484e-07
1403 1.70043e-07
1404 1.68613e-07
1405 1.67195e-07
1406 1.65789e-07
1407 1.64395e-07
1408 1.63013e-07
1409 1.61643e-07
1410 1.60283e-07
1411 1.58936e-07
1412 1.57599e-07
1413 1.56274e-07
1414 1.5496e-07
1415 1.53657e-07
1416 1.52366e-07
1417 1.51084e-07
1418 1.49814e-07
1419 1.48554e-07
1420 1.47305e-07
1421 1.46067e-07
1422 1.44839e-07
1423 1.43621e-07
1424 1.42413e-07
1425 1.41216e-07
1426 1.40029e-07
1427 1.38851e-07
1428 1.37684e-07
1429 1.36526e-07
1430 1.35378e-07
1431 1.3424e-07
1432 1.33111e-07
1433 1.31992e-07
1434 1.30882e-07
1435 1.29782e-07
1436 1.28691e-07
1437 1.27609e-07
1438 1.26536e-07
1439 1.25472e-07
1440 1.24417e-07
1441 1.23371e-07
1442 1.22333e-07
1443 1.21305e-07
1444 1.20285e-07
1445 1.19274e-07
1446 1.18271e-07
1447 1.17276e-07
1448 1.1629e-07
1449 1.15312e-07
1450 1.14343e-07
1451 1.13381e-07
1452 1.12428e-07
1453 1.11483e-07
1454 1.10546e-07
1455 1.09616e-07
1456 1.08694e-07
1457 1.0778e-07
1458 1.06874e-07
1459 1.05976e-07
1460 1.05085e-07
1461 1.04201e-07
1462 1.03325e-07
1463 1.02456e-07
1464 1.01595e-07
1465 1.00741e-07
1466 9.98935e-08
1467 9.90536e-08
1468 9.82207e-08
1469 9.73949e-08
1470 9.6576e-08
1471 9.5764e-08
1472 9.49588e-08
1473 9.41604e-08
1474 9.33687e-08
1475 9.25837e-08
1476 9.18052e-08
1477 9.10333e-08
1478 9.02679e-08
1479 8.95089e-08
1480 8.87563e-08
1481 8.80101e-08
1482 8.72701e-08
1483 8.65363e-08
1484 8.58087e-08
1485 8.50872e-08
1486 8.43718e-08
1487 8.36624e-08
1488 8.2959e-08
1489 8.22615e-08
1490 8.15698e-08
1491 8.0884e-08
1492 8.02039e-08
1493 7.95295e-08
1494 7.88609e-08
1495 7.81978e-08
1496 7.75403e-08
1497 7.68884e-08
1498 7.62419e-08
1499 7.56008e-08
1500 7.49652e-08
1501 7.43349e-08
1502 7.37099e-08
1503 7.30901e-08
1504 7.24756e-08
1505 7.18662e-08
1506 7.12619e-08
1507 7.06628e-08
1508 7.00686e-08
1509 6.94795e-08
1510 6.88953e-08
1511 6.8316e-08
1512 6.77416e-08
1513 6.71721e-08
1514 6.66073e-08
1515 6.60472e-08
1516 6.54919e-08
1517 6.49413e-08
1518 6.43952e-08
1519 6.38538e-08
1520 6.33169e-08
1521 6.27846e-08
1522 6.22567e-08
1523 6.17332e-08
1524 6.12142e-08
1525 6.06995e-08
1526 6.01891e-08
1527 5.9683e-08
1528 5.91812e-08
1529 5.86836e-08
1530 5.81902e-08
1531 5.77009e-08
1532 5.72158e-08
1533 5.67347e-08
1534 5.62577e-08
1535 5.57847e-08
1536 5.53156e-08
1537 5.48505e-08
1538 5.43894e-08
1539 5.39321e-08
1540 5.34786e-08
1541 5.30289e-08
1542 5.25831e-08
1543 5.2141e-08
1544 5.17026e-08
1545 5.12678e-08
1546 5.08368e-08
1547 5.04093e-08
1548 4.99855e-08
1549 4.95652e-08
1550 4.91485e-08
1551 4.87352e-08
1552 4.83255e-08
1553 4.79192e-08
1554 4.75162e-08
1555 4.71167e-08
1556 4.67206e-08
1557 4.63277e-08
1558 4.59382e-08
1559 4.5552e-08
1560 4.5169e-08
1561 4.47892e-08
1562 4.44126e-08
1563 4.40392e-08
1564 4.36689e-08
1565 4.33017e-08
1566 4.29377e-08
1567 4.25766e-08
1568 4.22186e-08
1569 4.18637e-08
1570 4.15117e-08
1571 4.11627e-08
1572 4.08166e-08
1573 4.04734e-08
1574 4.01331e-08
1575 3.97956e-08
1576 3.9461e-08
1577 3.91292e-08
1578 3.88002e-08
1579 3.8474e-08
1580 3.81505e-08
1581 3.78297e-08
1582 3.75117e-08
1583 3.71963e-08
1584 3.68835e-08
1585 3.65734e-08
1586 3.62659e-08
1587 3.5961e-08
1588 3.56586e-08
1589 3.53588e-08
1590 3.50615e-08
1591 3.47667e-08
1592 3.44744e-08
1593 3.41845e-08
1594 3.38971e-08
1595 3.36121e-08
1596 3.33295e-08
1597 3.30492e-08
1598 3.27714e-08
1599 3.24958e-08
1600 3.22226e-08
1601 3.19517e-08
1602 3.1683e-08
1603 3.14166e-08
1604 3.11525e-08
1605 3.08906e-08
1606 3.06308e-08
1607 3.03733e-08
1608 3.01179e-08
1609 2.98647e-08
1610 2.96136e-08
1611 2.93646e-08
1612 2.91177e-08
1613 2.88729e-08
1614 2.86301e-08
1615 2.83894e-08
1616 2.81507e-08
1617 2.7914e-08
1618 2.76793e-08
1619 2.74466e-08
1620 2.72158e-08
1621 2.6987e-08
1622 2.676e-08
1623 2.6535e-08
1624 2.63119e-08
1625 2.60907e-08
1626 2.58713e-08
1627 2.56538e-08
1628 2.54381e-08
1629 2.52242e-08
1630 2.50121e-08
1631 2.48018e-08
1632 2.45933e-08
1633 2.43865e-08
1634 2.41815e-08
1635 2.39782e-08
1636 2.37766e-08
1637 2.35766e-08
1638 2.33784e-08
1639 2.31818e-08
1640 2.29869e-08
1641 2.27937e-08
1642 2.2602e-08
1643 2.2412e-08
1644 2.22235e-08
1645 2.20367e-08
1646 2.18514e-08
1647 2.16677e-08
1648 2.14855e-08
1649 2.13048e-08
1650 2.11257e-08
1651 2.09481e-08
1652 2.07719e-08
1653 2.05973e-08
1654 2.04241e-08
1655 2.02524e-08
1656 2.00821e-08
1657 1.99133e-08
1658 1.97458e-08
1659 1.95798e-08
1660 1.94152e-08
1661 1.92519e-08
1662 1.90901e-08
1663 1.89296e-08
1664 1.87704e-08
1665 1.86126e-08
1666 1.84561e-08
1667 1.83009e-08
1668 1.8147e-08
1669 1.79944e-08
1670 1.78431e-08
1671 1.76931e-08
1672 1.75444e-08
1673 1.73968e-08
1674 1.72506e-08
1675 1.71055e-08
1676 1.69617e-08
1677 1.68191e-08
1678 1.66777e-08
1679 1.65374e-08
1680 1.63984e-08
1681 1.62605e-08
1682 1.61238e-08
1683 1.59882e-08
1684 1.58538e-08
1685 1.57205e-08
1686 1.55883e-08
1687 1.54573e-08
1688 1.53273e-08
1689 1.51984e-08
1690 1.50706e-08
1691 1.49439e-08
1692 1.48183e-08
1693 1.46937e-08
1694 1.45701e-08
1695 1.44476e-08
1696 1.43262e-08
1697 1.42057e-08
1698 1.40863e-08
1699 1.39678e-08
1700 1.38504e-08
1701 1.37339e-08
1702 1.36185e-08
1703 1.35039e-08
1704 1.33904e-08
1705 1.32778e-08
1706 1.31662e-08
1707 1.30555e-08
1708 1.29457e-08
1709 1.28369e-08
1710 1.27289e-08
1711 1.26219e-08
1712 1.25158e-08
1713 1.24105e-08
1714 1.23062e-08
1715 1.22027e-08
1716 1.21001e-08
1717 1.19984e-08
1718 1.18975e-08
1719 1.17975e-08
1720 1.16983e-08
1721 1.15999e-08
1722 1.15024e-08
1723 1.14057e-08
1724 1.13098e-08
1725 1.12147e-08
1726 1.11204e-08
1727 1.10269e-08
1728 1.09342e-08
1729 1.08422e-08
1730 1.07511e-08
1731 1.06607e-08
1732 1.0571e-08
1733 1.04822e-08
1734 1.0394e-08
1735 1.03066e-08
1736 1.022e-08
1737 1.01341e-08
1738 1.00488e-08
1739 9.96435e-09
1740 9.88057e-09
1741 9.7975e-09
1742 9.71512e-09
1743 9.63343e-09
1744 9.55244e-09
1745 9.47212e-09
1746 9.39248e-09
1747 9.31351e-09
1748 9.2352e-09
1749 9.15755e-09
1750 9.08055e-09
1751 9.0042e-09
1752 8.92849e-09
1753 8.85342e-09
1754 8.77898e-09
1755 8.70517e-09
1756 8.63198e-09
1757 8.5594e-09
1758 8.48743e-09
1759 8.41607e-09
1760 8.34531e-09
1761 8.27514e-09
1762 8.20556e-09
1763 8.13657e-09
1764 8.06816e-09
1765 8.00032e-09
1766 7.93305e-09
1767 7.86635e-09
1768 7.80021e-09
1769 7.73463e-09
1770 7.6696e-09
1771 7.60511e-09
1772 7.54117e-09
1773 7.47776e-09
1774 7.41489e-09
1775 7.35254e-09
1776 7.29072e-09
1777 7.22942e-09
1778 7.16864e-09
1779 7.10836e-09
1780 7.04859e-09
1781 6.98933e-09
1782 6.93056e-09
1783 6.87229e-09
1784 6.81451e-09
1785 6.75721e-09
1786 6.7004e-09
1787 6.64406e-09
1788 6.5882e-09
1789 6.5328e-09
1790 6.47788e-09
1791 6.42341e-09
1792 6.3694e-09
1793 6.31585e-09
1794 6.26274e-09
1795 6.21009e-09
1796 6.15787e-09
1797 6.1061e-09
1798 6.05476e-09
1799 6.00385e-09
1800 5.95337e-09
1801 5.90331e-09
1802 5.85368e-09
1803 5.80446e-09
1804 5.75566e-09
1805 5.70726e-09
1806 5.65928e-09
1807 5.61169e-09
1808 5.56451e-09
1809 5.51772e-09
1810 5.47133e-09
1811 5.42533e-09
1812 5.37971e-09
1813 5.33448e-09
1814 5.28963e-09
1815 5.24515e-09
1816 5.20105e-09
1817 5.15732e-09
1818 5.11396e-09
1819 5.07096e-09
1820 5.02832e-09
1821 4.98604e-09
1822 4.94412e-09
1823 4.90255e-09
1824 4.86133e-09
1825 4.82045e-09
1826 4.77992e-09
1827 4.73973e-09
1828 4.69988e-09
1829 4.66037e-09
1830 4.62118e-09
1831 4.58233e-09
1832 4.5438e-09
1833 4.50559e-09
1834 4.46771e-09
1835 4.43015e-09
1836 4.3929e-09
1837 4.35596e-09
1838 4.31934e-09
1839 4.28302e-09
1840 4.24701e-09
1841 4.2113e-09
1842 4.17589e-09
1843 4.14078e-09
1844 4.10596e-09
1845 4.07144e-09
1846 4.03721e-09
1847 4.00326e-09
1848 3.9696e-09
1849 3.93623e-09
1850 3.90313e-09
1851 3.87031e-09
1852 3.83777e-09
1853 3.80551e-09
1854 3.77351e-09
1855 3.74178e-09
1856 3.71032e-09
1857 3.67912e-09
1858 3.64819e-09
1859 3.61752e-09
1860 3.5871e-09
1861 3.55694e-09
1862 3.52703e-09
1863 3.49738e-09
1864 3.46797e-09
1865 3.43881e-09
1866 3.4099e-09
1867 3.38123e-09
1868 3.3528e-09
1869 3.32461e-09
1870 3.29665e-09
1871 3.26894e-09
1872 3.24145e-09
1873 3.2142e-09
1874 3.18717e-09
1875 3.16037e-09
1876 3.1338e-09
1877 3.10745e-09
1878 3.08133e-09
1879 3.05542e-09
1880 3.02973e-09
1881 3.00425e-09
1882 2.97899e-09
1883 2.95395e-09
1884 2.92911e-09
1885 2.90448e-09
1886 2.88006e-09
1887 2.85585e-09
1888 2.83183e-09
1889 2.80802e-09
1890 2.78441e-09
1891 2.761e-09
1892 2.73779e-09
1893 2.71477e-09
1894 2.69194e-09
1895 2.66931e-09
1896 2.64686e-09
1897 2.62461e-09
1898 2.60254e-09
1899 2.58066e-09
1900 2.55896e-09
1901 2.53745e-09
1902 2.51611e-09
1903 2.49496e-09
1904 2.47398e-09
1905 2.45318e-09
1906 2.43255e-09
1907 2.4121e-09
1908 2.39182e-09
1909 2.37171e-09
1910 2.35177e-09
1911 2.33199e-09
1912 2.31238e-09
1913 2.29294e-09
1914 2.27366e-09
1915 2.25455e-09
1916 2.23559e-09
1917 2.21679e-09
1918 2.19815e-09
1919 2.17967e-09
1920 2.16134e-09
1921 2.14317e-09
1922 2.12515e-09
1923 2.10728e-09
1924 2.08957e-09
1925 2.072e-09
1926 2.05458e-09
1927 2.0373e-09
1928 2.02017e-09
1929 2.00319e-09
1930 1.98634e-09
1931 1.96964e-09
1932 1.95308e-09
1933 1.93666e-09
1934 1.92038e-09
1935 1.90423e-09
1936 1.88822e-09
1937 1.87234e-09
1938 1.8566e-09
1939 1.84099e-09
1940 1.82551e-09
1941 1.81016e-09
1942 1.79494e-09
1943 1.77985e-09
1944 1.76488e-09
1945 1.75005e-09
1946 1.73533e-09
1947 1.72074e-09
1948 1.70627e-09
1949 1.69193e-09
1950 1.6777e-09
1951 1.66359e-09
1952 1.64961e-09
1953 1.63574e-09
1954 1.62198e-09
1955 1.60835e-09
1956 1.59482e-09
1957 1.58141e-09
1958 1.56812e-09
1959 1.55493e-09
1960 1.54186e-09
1961 1.52889e-09
1962 1.51604e-09
1963 1.50329e-09
1964 1.49065e-09
1965 1.47812e-09
1966 1.46569e-09
1967 1.45337e-09
1968 1.44115e-09
1969 1.42903e-09
1970 1.41702e-09
1971 1.4051e-09
1972 1.39329e-09
1973 1.38157e-09
1974 1.36996e-09
1975 1.35844e-09
1976 1.34702e-09
1977 1.33569e-09
1978 1.32446e-09
1979 1.31332e-09
1980 1.30228e-09
1981 1.29133e-09
1982 1.28047e-09
1983 1.26971e-09
1984 1.25903e-09
1985 1.24845e-09
1986 1.23795e-09
1987 1.22754e-09
1988 1.21722e-09
1989 1.20698e-09
1990 1.19684e-09
1991 1.18677e-09
1992 1.17679e-09
1993 1.1669e-09
1994 1.15709e-09
1995 1.14736e-09
1996 1.13771e-09
1997 1.12815e-09
1998 1.11866e-09
1999 1.10926e-09
2000 1.09993e-09
2001 1.09068e-09
2002 1.08151e-09
2003 1.07242e-09
2004 1.0634e-09
2005 1.05446e-09
2006 1.04559e-09
2007 1.0368e-09
2008 1.02808e-09
2009 1.01944e-09
2010 1.01087e-09
2011 1.00237e-09
2012 9.93942e-10
