1 0.0284142
2 0.0174163
3 0.0137702
4 0.0109251
5 0.00888402
6 0.00750672
7 0.00656279
8 0.00588089
9 0.00535885
10 0.00493953
11 0.00459069
12 0.00429319
13 0.00403495
14 0.00380783
15 0.00360603
16 0.00342526
17 0.00326221
18 0.0031143
19 0.00297944
20 0.00285593
21 0.00274235
22 0.00263754
23 0.00254051
24 0.00245039
25 0.00236648
26 0.00228814
27 0.00221483
28 0.00214608
29 0.00208147
30 0.00202063
31 0.00196324
32 0.00190902
33 0.0018577
34 0.00180905
35 0.00176288
36 0.00171899
37 0.00167723
38 0.00163743
39 0.00159947
40 0.00156322
41 0.00152856
42 0.0014954
43 0.00146363
44 0.00143318
45 0.00140396
46 0.00137591
47 0.00134894
48 0.00132301
49 0.00129805
50 0.00127401
51 0.00125085
52 0.0012285
53 0.00120695
54 0.00118613
55 0.00116602
56 0.00114658
57 0.00112778
58 0.00110959
59 0.00109198
60 0.00107492
61 0.00105839
62 0.00104236
63 0.00102682
64 0.00101173
65 0.000997089
66 0.000982868
67 0.000969052
68 0.000955623
69 0.000942567
70 0.000929867
71 0.00091751
72 0.000905483
73 0.000893771
74 0.000882364
75 0.000871249
76 0.000860416
77 0.000849853
78 0.000839552
79 0.000829502
80 0.000819694
81 0.00081012
82 0.000800771
83 0.00079164
84 0.000782719
85 0.000774
86 0.000765478
87 0.000757144
88 0.000748993
89 0.000741019
90 0.000733215
91 0.000725577
92 0.000718099
93 0.000710775
94 0.000703602
95 0.000696573
96 0.000689685
97 0.000682933
98 0.000676313
99 0.00066982
100 0.000663452
101 0.000657203
102 0.000651071
103 0.000645052
104 0.000639142
105 0.000633339
106 0.000627638
107 0.000622038
108 0.000616534
109 0.000611125
110 0.000605807
111 0.000600578
112 0.000595435
113 0.000590376
114 0.000585398
115 0.000580499
116 0.000575677
117 0.000570929
118 0.000566253
119 0.000561647
120 0.00055711
121 0.000552639
122 0.000548232
123 0.000543888
124 0.000539605
125 0.000535381
126 0.000531214
127 0.000527103
128 0.000523047
129 0.000519043
130 0.00051509
131 0.000511188
132 0.000507333
133 0.000503526
134 0.000499765
135 0.000496048
136 0.000492375
137 0.000488744
138 0.000485153
139 0.000481603
140 0.000478092
141 0.000474618
142 0.000471181
143 0.00046778
144 0.000464414
145 0.000461082
146 0.000457782
147 0.000454515
148 0.00045128
149 0.000448075
150 0.0004449
151 0.000441754
152 0.000438636
153 0.000435546
154 0.000432483
155 0.000429446
156 0.000426435
157 0.000423449
158 0.000420487
159 0.000417549
160 0.000414635
161 0.000411744
162 0.000408875
163 0.000406028
164 0.000403203
165 0.000400398
166 0.000397614
167 0.000394851
168 0.000392107
169 0.000389382
170 0.000386676
171 0.000383989
172 0.000381321
173 0.00037867
174 0.000376037
175 0.000373421
176 0.000370823
177 0.000368241
178 0.000365676
179 0.000363127
180 0.000360594
181 0.000358077
182 0.000355576
183 0.00035309
184 0.000350619
185 0.000348164
186 0.000345723
187 0.000343297
188 0.000340885
189 0.000338488
190 0.000336104
191 0.000333735
192 0.00033138
193 0.000329038
194 0.000326711
195 0.000324396
196 0.000322095
197 0.000319807
198 0.000317533
199 0.000315271
200 0.000313023
201 0.000310787
202 0.000308564
203 0.000306354
204 0.000304157
205 0.000301972
206 0.000299799
207 0.000297639
208 0.000295492
209 0.000293356
210 0.000291233
211 0.000289122
212 0.000287023
213 0.000284936
214 0.000282861
215 0.000280799
216 0.000278748
217 0.000276709
218 0.000274681
219 0.000272666
220 0.000270662
221 0.00026867
222 0.000266689
223 0.00026472
224 0.000262763
225 0.000260817
226 0.000258883
227 0.00025696
228 0.000255049
229 0.000253149
230 0.000251261
231 0.000249383
232 0.000247518
233 0.000245663
234 0.00024382
235 0.000241987
236 0.000240166
237 0.000238356
238 0.000236558
239 0.00023477
240 0.000232993
241 0.000231228
242 0.000229473
243 0.00022773
244 0.000225997
245 0.000224275
246 0.000222564
247 0.000220864
248 0.000219175
249 0.000217496
250 0.000215828
251 0.000214171
252 0.000212525
253 0.000210889
254 0.000209264
255 0.000207649
256 0.000206045
257 0.000204452
258 0.000202869
259 0.000201296
260 0.000199734
261 0.000198182
262 0.000196641
263 0.000195109
264 0.000193588
265 0.000192078
266 0.000190577
267 0.000189087
268 0.000187606
269 0.000186136
270 0.000184676
271 0.000183226
272 0.000181786
273 0.000180355
274 0.000178935
275 0.000177524
276 0.000176124
277 0.000174733
278 0.000173351
279 0.000171979
280 0.000170617
281 0.000169265
282 0.000167922
283 0.000166589
284 0.000165265
285 0.00016395
286 0.000162645
287 0.000161349
288 0.000160063
289 0.000158785
290 0.000157517
291 0.000156258
292 0.000155008
293 0.000153767
294 0.000152536
295 0.000151313
296 0.000150099
297 0.000148894
298 0.000147698
299 0.00014651
300 0.000145331
301 0.000144161
302 0.000143
303 0.000141847
304 0.000140703
305 0.000139567
306 0.00013844
307 0.000137321
308 0.000136211
309 0.000135109
310 0.000134015
311 0.000132929
312 0.000131851
313 0.000130782
314 0.000129721
315 0.000128667
316 0.000127622
317 0.000126585
318 0.000125555
319 0.000124534
320 0.00012352
321 0.000122514
322 0.000121515
323 0.000120524
324 0.000119541
325 0.000118566
326 0.000117598
327 0.000116637
328 0.000115684
329 0.000114738
330 0.000113799
331 0.000112868
332 0.000111944
333 0.000111027
334 0.000110117
335 0.000109215
336 0.000108319
337 0.00010743
338 0.000106549
339 0.000105674
340 0.000104806
341 0.000103945
342 0.00010309
343 0.000102243
344 0.000101402
345 0.000100567
346 9.97396e-05
347 9.89183e-05
348 9.81036e-05
349 9.72953e-05
350 9.64933e-05
351 9.56978e-05
352 9.49085e-05
353 9.41255e-05
354 9.33487e-05
355 9.25781e-05
356 9.18137e-05
357 9.10553e-05
358 9.0303e-05
359 8.95567e-05
360 8.88163e-05
361 8.80819e-05
362 8.73533e-05
363 8.66306e-05
364 8.59137e-05
365 8.52025e-05
366 8.4497e-05
367 8.37972e-05
368 8.31031e-05
369 8.24145e-05
370 8.17314e-05
371 8.10539e-05
372 8.03818e-05
373 7.97151e-05
374 7.90538e-05
375 7.83979e-05
376 7.77472e-05
377 7.71019e-05
378 7.64617e-05
379 7.58267e-05
380 7.51969e-05
381 7.45722e-05
382 7.39525e-05
383 7.33379e-05
384 7.27283e-05
385 7.21236e-05
386 7.15239e-05
387 7.0929e-05
388 7.0339e-05
389 6.97537e-05
390 6.91733e-05
391 6.85976e-05
392 6.80265e-05
393 6.74602e-05
394 6.68984e-05
395 6.63413e-05
396 6.57887e-05
397 6.52406e-05
398 6.4697e-05
399 6.41578e-05
400 6.36231e-05
401 6.30928e-05
402 6.25668e-05
403 6.20451e-05
404 6.15276e-05
405 6.10145e-05
406 6.05055e-05
407 6.00007e-05
408 5.95001e-05
409 5.90036e-05
410 5.85112e-05
411 5.80228e-05
412 5.75384e-05
413 5.7058e-05
414 5.65816e-05
415 5.61091e-05
416 5.56405e-05
417 5.51757e-05
418 5.47148e-05
419 5.42577e-05
420 5.38044e-05
421 5.33548e-05
422 5.29089e-05
423 5.24667e-05
424 5.20281e-05
425 5.15932e-05
426 5.11618e-05
427 5.07341e-05
428 5.03098e-05
429 4.98891e-05
430 4.94719e-05
431 4.90581e-05
432 4.86477e-05
433 4.82407e-05
434 4.78371e-05
435 4.74369e-05
436 4.704e-05
437 4.66463e-05
438 4.62559e-05
439 4.58688e-05
440 4.54848e-05
441 4.51041e-05
442 4.47265e-05
443 4.4352e-05
444 4.39807e-05
445 4.36124e-05
446 4.32472e-05
447 4.28851e-05
448 4.25259e-05
449 4.21697e-05
450 4.18165e-05
451 4.14662e-05
452 4.11188e-05
453 4.07744e-05
454 4.04327e-05
455 4.0094e-05
456 3.9758e-05
457 3.94249e-05
458 3.90945e-05
459 3.87668e-05
460 3.84419e-05
461 3.81197e-05
462 3.78002e-05
463 3.74834e-05
464 3.71692e-05
465 3.68576e-05
466 3.65486e-05
467 3.62421e-05
468 3.59383e-05
469 3.56369e-05
470 3.53381e-05
471 3.50418e-05
472 3.47479e-05
473 3.44565e-05
474 3.41675e-05
475 3.3881e-05
476 3.35968e-05
477 3.3315e-05
478 3.30355e-05
479 3.27584e-05
480 3.24836e-05
481 3.22111e-05
482 3.19409e-05
483 3.16729e-05
484 3.14072e-05
485 3.11437e-05
486 3.08823e-05
487 3.06232e-05
488 3.03663e-05
489 3.01114e-05
490 2.98587e-05
491 2.96082e-05
492 2.93597e-05
493 2.91133e-05
494 2.8869e-05
495 2.86267e-05
496 2.83864e-05
497 2.81481e-05
498 2.79119e-05
499 2.76776e-05
500 2.74452e-05
501 2.72148e-05
502 2.69864e-05
503 2.67598e-05
504 2.65352e-05
505 2.63124e-05
506 2.60915e-05
507 2.58724e-05
508 2.56552e-05
509 2.54398e-05
510 2.52262e-05
511 2.50144e-05
512 2.48043e-05
513 2.45961e-05
514 2.43895e-05
515 2.41847e-05
516 2.39816e-05
517 2.37802e-05
518 2.35805e-05
519 2.33825e-05
520 2.31861e-05
521 2.29914e-05
522 2.27983e-05
523 2.26068e-05
524 2.2417e-05
525 2.22287e-05
526 2.2042e-05
527 2.18569e-05
528 2.16733e-05
529 2.14912e-05
530 2.13107e-05
531 2.11317e-05
532 2.09542e-05
533 2.07782e-05
534 2.06036e-05
535 2.04305e-05
536 2.02589e-05
537 2.00887e-05
538 1.992e-05
539 1.97526e-05
540 1.95867e-05
541 1.94221e-05
542 1.9259e-05
543 1.90972e-05
544 1.89367e-05
545 1.87776e-05
546 1.86199e-05
547 1.84634e-05
548 1.83083e-05
549 1.81545e-05
550 1.80019e-05
551 1.78507e-05
552 1.77007e-05
553 1.7552e-05
554 1.74045e-05
555 1.72582e-05
556 1.71132e-05
557 1.69694e-05
558 1.68268e-05
559 1.66854e-05
560 1.65452e-05
561 1.64062e-05
562 1.62683e-05
563 1.61316e-05
564 1.59961e-05
565 1.58616e-05
566 1.57283e-05
567 1.55962e-05
568 1.54651e-05
569 1.53351e-05
570 1.52063e-05
571 1.50785e-05
572 1.49518e-05
573 1.48261e-05
574 1.47015e-05
575 1.45779e-05
576 1.44554e-05
577 1.43339e-05
578 1.42135e-05
579 1.4094e-05
580 1.39756e-05
581 1.38581e-05
582 1.37416e-05
583 1.36261e-05
584 1.35116e-05
585 1.33981e-05
586 1.32855e-05
587 1.31738e-05
588 1.30631e-05
589 1.29533e-05
590 1.28444e-05
591 1.27364e-05
592 1.26294e-05
593 1.25232e-05
594 1.2418e-05
595 1.23136e-05
596 1.22101e-05
597 1.21075e-05
598 1.20057e-05
599 1.19048e-05
600 1.18047e-05
601 1.17055e-05
602 1.16071e-05
603 1.15095e-05
604 1.14128e-05
605 1.13169e-05
606 1.12217e-05
607 1.11274e-05
608 1.10339e-05
609 1.09411e-05
610 1.08492e-05
611 1.0758e-05
612 1.06675e-05
613 1.05779e-05
614 1.04889e-05
615 1.04008e-05
616 1.03133e-05
617 1.02266e-05
618 1.01407e-05
619 1.00554e-05
620 9.97091e-06
621 9.88709e-06
622 9.80397e-06
623 9.72156e-06
624 9.63984e-06
625 9.5588e-06
626 9.47845e-06
627 9.39877e-06
628 9.31976e-06
629 9.24141e-06
630 9.16372e-06
631 9.08669e-06
632 9.0103e-06
633 8.93455e-06
634 8.85944e-06
635 8.78497e-06
636 8.71111e-06
637 8.63788e-06
638 8.56527e-06
639 8.49326e-06
640 8.42186e-06
641 8.35106e-06
642 8.28086e-06
643 8.21124e-06
644 8.14221e-06
645 8.07376e-06
646 8.00588e-06
647 7.93858e-06
648 7.87184e-06
649 7.80566e-06
650 7.74004e-06
651 7.67497e-06
652 7.61045e-06
653 7.54647e-06
654 7.48302e-06
655 7.42011e-06
656 7.35773e-06
657 7.29588e-06
658 7.23454e-06
659 7.17372e-06
660 7.11341e-06
661 7.0536e-06
662 6.9943e-06
663 6.9355e-06
664 6.87719e-06
665 6.81938e-06
666 6.76204e-06
667 6.70519e-06
668 6.64882e-06
669 6.59292e-06
670 6.5375e-06
671 6.48253e-06
672 6.42803e-06
673 6.37399e-06
674 6.3204e-06
675 6.26727e-06
676 6.21457e-06
677 6.16233e-06
678 6.11052e-06
679 6.05914e-06
680 6.0082e-06
681 5.95769e-06
682 5.9076e-06
683 5.85793e-06
684 5.80868e-06
685 5.75985e-06
686 5.71142e-06
687 5.6634e-06
688 5.61579e-06
689 5.56857e-06
690 5.52176e-06
691 5.47533e-06
692 5.4293e-06
693 5.38365e-06
694 5.33839e-06
695 5.29351e-06
696 5.249e-06
697 5.20487e-06
698 5.16111e-06
699 5.11772e-06
700 5.07469e-06
701 5.03203e-06
702 4.98972e-06
703 4.94777e-06
704 4.90617e-06
705 4.86492e-06
706 4.82402e-06
707 4.78346e-06
708 4.74324e-06
709 4.70336e-06
710 4.66382e-06
711 4.62461e-06
712 4.58572e-06
713 4.54717e-06
714 4.50894e-06
715 4.47103e-06
716 4.43344e-06
717 4.39616e-06
718 4.3592e-06
719 4.32255e-06
720 4.28621e-06
721 4.25017e-06
722 4.21444e-06
723 4.179e-06
724 4.14387e-06
725 4.10903e-06
726 4.07448e-06
727 4.04022e-06
728 4.00625e-06
729 3.97257e-06
730 3.93917e-06
731 3.90605e-06
732 3.87321e-06
733 3.84064e-06
734 3.80835e-06
735 3.77633e-06
736 3.74458e-06
737 3.7131e-06
738 3.68188e-06
739 3.65092e-06
740 3.62023e-06
741 3.58979e-06
742 3.55961e-06
743 3.52968e-06
744 3.5e-06
745 3.47057e-06
746 3.44139e-06
747 3.41246e-06
748 3.38377e-06
749 3.35532e-06
750 3.32711e-06
751 3.29913e-06
752 3.2714e-06
753 3.24389e-06
754 3.21662e-06
755 3.18957e-06
756 3.16275e-06
757 3.13616e-06
758 3.10979e-06
759 3.08365e-06
760 3.05772e-06
761 3.03201e-06
762 3.00652e-06
763 2.98124e-06
764 2.95617e-06
765 2.93132e-06
766 2.90667e-06
767 2.88223e-06
768 2.858e-06
769 2.83397e-06
770 2.81014e-06
771 2.78652e-06
772 2.76309e-06
773 2.73986e-06
774 2.71682e-06
775 2.69398e-06
776 2.67133e-06
777 2.64887e-06
778 2.62659e-06
779 2.60451e-06
780 2.58261e-06
781 2.5609e-06
782 2.53937e-06
783 2.51802e-06
784 2.49684e-06
785 2.47585e-06
786 2.45503e-06
787 2.43439e-06
788 2.41392e-06
789 2.39363e-06
790 2.3735e-06
791 2.35355e-06
792 2.33376e-06
793 2.31414e-06
794 2.29468e-06
795 2.27539e-06
796 2.25625e-06
797 2.23728e-06
798 2.21847e-06
799 2.19982e-06
800 2.18132e-06
801 2.16298e-06
802 2.1448e-06
803 2.12676e-06
804 2.10888e-06
805 2.09115e-06
806 2.07357e-06
807 2.05613e-06
808 2.03885e-06
809 2.0217e-06
810 2.00471e-06
811 1.98785e-06
812 1.97114e-06
813 1.95456e-06
814 1.93813e-06
815 1.92183e-06
816 1.90568e-06
817 1.88965e-06
818 1.87376e-06
819 1.85801e-06
820 1.84239e-06
821 1.8269e-06
822 1.81154e-06
823 1.79631e-06
824 1.7812e-06
825 1.76623e-06
826 1.75138e-06
827 1.73665e-06
828 1.72205e-06
829 1.70757e-06
830 1.69321e-06
831 1.67898e-06
832 1.66486e-06
833 1.65086e-06
834 1.63698e-06
835 1.62322e-06
836 1.60957e-06
837 1.59604e-06
838 1.58262e-06
839 1.56931e-06
840 1.55612e-06
841 1.54303e-06
842 1.53006e-06
843 1.51719e-06
844 1.50444e-06
845 1.49179e-06
846 1.47924e-06
847 1.46681e-06
848 1.45447e-06
849 1.44224e-06
850 1.43012e-06
851 1.41809e-06
852 1.40617e-06
853 1.39435e-06
854 1.38262e-06
855 1.371e-06
856 1.35947e-06
857 1.34804e-06
858 1.33671e-06
859 1.32547e-06
860 1.31432e-06
861 1.30327e-06
862 1.29231e-06
863 1.28145e-06
864 1.27067e-06
865 1.25999e-06
866 1.2494e-06
867 1.23889e-06
868 1.22848e-06
869 1.21815e-06
870 1.2079e-06
871 1.19775e-06
872 1.18768e-06
873 1.17769e-06
874 1.16779e-06
875 1.15797e-06
876 1.14823e-06
877 1.13858e-06
878 1.12901e-06
879 1.11951e-06
880 1.1101e-06
881 1.10077e-06
882 1.09151e-06
883 1.08234e-06
884 1.07323e-06
885 1.06421e-06
886 1.05526e-06
887 1.04639e-06
888 1.03759e-06
889 1.02887e-06
890 1.02022e-06
891 1.01164e-06
892 1.00313e-06
893 9.947e-07
894 9.86336e-07
895 9.78043e-07
896 9.6982e-07
897 9.61665e-07
898 9.5358e-07
899 9.45562e-07
900 9.37612e-07
901 9.29728e-07
902 9.21911e-07
903 9.1416e-07
904 9.06473e-07
905 8.98852e-07
906 8.91294e-07
907 8.838e-07
908 8.76369e-07
909 8.69001e-07
910 8.61694e-07
911 8.54449e-07
912 8.47265e-07
913 8.40141e-07
914 8.33077e-07
915 8.26073e-07
916 8.19127e-07
917 8.1224e-07
918 8.05411e-07
919 7.98639e-07
920 7.91924e-07
921 7.85265e-07
922 7.78663e-07
923 7.72116e-07
924 7.65624e-07
925 7.59186e-07
926 7.52803e-07
927 7.46474e-07
928 7.40197e-07
929 7.33974e-07
930 7.27802e-07
931 7.21683e-07
932 7.15615e-07
933 7.09598e-07
934 7.03632e-07
935 6.97716e-07
936 6.91849e-07
937 6.86032e-07
938 6.80264e-07
939 6.74545e-07
940 6.68873e-07
941 6.63249e-07
942 6.57672e-07
943 6.52143e-07
944 6.4666e-07
945 6.41222e-07
946 6.35831e-07
947 6.30485e-07
948 6.25184e-07
949 6.19927e-07
950 6.14715e-07
951 6.09546e-07
952 6.04421e-07
953 5.99339e-07
954 5.943e-07
955 5.89303e-07
956 5.84348e-07
957 5.79435e-07
958 5.74563e-07
959 5.69732e-07
960 5.64942e-07
961 5.60192e-07
962 5.55482e-07
963 5.50811e-07
964 5.4618e-07
965 5.41588e-07
966 5.37034e-07
967 5.32519e-07
968 5.28041e-07
969 5.23602e-07
970 5.19199e-07
971 5.14834e-07
972 5.10505e-07
973 5.06213e-07
974 5.01957e-07
975 4.97736e-07
976 4.93551e-07
977 4.89401e-07
978 4.85286e-07
979 4.81206e-07
980 4.7716e-07
981 4.73148e-07
982 4.6917e-07
983 4.65225e-07
984 4.61314e-07
985 4.57435e-07
986 4.53589e-07
987 4.49775e-07
988 4.45993e-07
989 4.42243e-07
990 4.38525e-07
991 4.34838e-07
992 4.31182e-07
993 4.27556e-07
994 4.23961e-07
995 4.20397e-07
996 4.16862e-07
997 4.13357e-07
998 4.09882e-07
999 4.06435e-07
1000 4.03018e-07
1001 3.99629e-07
1002 3.96269e-07
1003 3.92937e-07
1004 3.89634e-07
1005 3.86358e-07
1006 3.83109e-07
1007 3.79888e-07
1008 3.76694e-07
1009 3.73527e-07
1010 3.70386e-07
1011 3.67272e-07
1012 3.64184e-07
1013 3.61122e-07
1014 3.58085e-07
1015 3.55075e-07
1016 3.52089e-07
1017 3.49129e-07
1018 3.46193e-07
1019 3.43282e-07
1020 3.40396e-07
1021 3.37534e-07
1022 3.34696e-07
1023 3.31882e-07
1024 3.29092e-07
1025 3.26325e-07
1026 3.23581e-07
1027 3.2086e-07
1028 3.18162e-07
1029 3.15487e-07
1030 3.12835e-07
1031 3.10204e-07
1032 3.07596e-07
1033 3.0501e-07
1034 3.02445e-07
1035 2.99902e-07
1036 2.97381e-07
1037 2.9488e-07
1038 2.92401e-07
1039 2.89942e-07
1040 2.87505e-07
1041 2.85087e-07
1042 2.8269e-07
1043 2.80313e-07
1044 2.77957e-07
1045 2.75619e-07
1046 2.73302e-07
1047 2.71004e-07
1048 2.68726e-07
1049 2.66466e-07
1050 2.64226e-07
1051 2.62004e-07
1052 2.59801e-07
1053 2.57617e-07
1054 2.55451e-07
1055 2.53303e-07
1056 2.51173e-07
1057 2.49061e-07
1058 2.46967e-07
1059 2.44891e-07
1060 2.42832e-07
1061 2.4079e-07
1062 2.38765e-07
1063 2.36758e-07
1064 2.34767e-07
1065 2.32793e-07
1066 2.30836e-07
1067 2.28895e-07
1068 2.2697e-07
1069 2.25062e-07
1070 2.2317e-07
1071 2.21293e-07
1072 2.19433e-07
1073 2.17588e-07
1074 2.15758e-07
1075 2.13944e-07
1076 2.12145e-07
1077 2.10362e-07
1078 2.08593e-07
1079 2.06839e-07
1080 2.051e-07
1081 2.03375e-07
1082 2.01665e-07
1083 1.9997e-07
1084 1.98288e-07
1085 1.96621e-07
1086 1.94968e-07
1087 1.93329e-07
1088 1.91703e-07
1089 1.90091e-07
1090 1.88493e-07
1091 1.86908e-07
1092 1.85337e-07
1093 1.83778e-07
1094 1.82233e-07
1095 1.80701e-07
1096 1.79182e-07
1097 1.77675e-07
1098 1.76181e-07
1099 1.747e-07
1100 1.73231e-07
1101 1.71774e-07
1102 1.7033e-07
1103 1.68898e-07
1104 1.67478e-07
1105 1.6607e-07
1106 1.64673e-07
1107 1.63289e-07
1108 1.61916e-07
1109 1.60555e-07
1110 1.59205e-07
1111 1.57866e-07
1112 1.56539e-07
1113 1.55222e-07
1114 1.53917e-07
1115 1.52623e-07
1116 1.5134e-07
1117 1.50068e-07
1118 1.48806e-07
1119 1.47555e-07
1120 1.46314e-07
1121 1.45084e-07
1122 1.43864e-07
1123 1.42654e-07
1124 1.41455e-07
1125 1.40265e-07
1126 1.39086e-07
1127 1.37917e-07
1128 1.36757e-07
1129 1.35607e-07
1130 1.34467e-07
1131 1.33336e-07
1132 1.32215e-07
1133 1.31104e-07
1134 1.30001e-07
1135 1.28908e-07
1136 1.27824e-07
1137 1.2675e-07
1138 1.25684e-07
1139 1.24627e-07
1140 1.23579e-07
1141 1.2254e-07
1142 1.2151e-07
1143 1.20488e-07
1144 1.19475e-07
1145 1.18471e-07
1146 1.17475e-07
1147 1.16487e-07
1148 1.15507e-07
1149 1.14536e-07
1150 1.13573e-07
1151 1.12618e-07
1152 1.11671e-07
1153 1.10732e-07
1154 1.09801e-07
1155 1.08878e-07
1156 1.07963e-07
1157 1.07055e-07
1158 1.06155e-07
1159 1.05262e-07
1160 1.04377e-07
1161 1.035e-07
1162 1.02629e-07
1163 1.01767e-07
1164 1.00911e-07
1165 1.00062e-07
1166 9.92211e-08
1167 9.83869e-08
1168 9.75597e-08
1169 9.67394e-08
1170 9.5926e-08
1171 9.51194e-08
1172 9.43197e-08
1173 9.35266e-08
1174 9.27403e-08
1175 9.19605e-08
1176 9.11873e-08
1177 9.04206e-08
1178 8.96603e-08
1179 8.89065e-08
1180 8.81589e-08
1181 8.74177e-08
1182 8.66827e-08
1183 8.59539e-08
1184 8.52312e-08
1185 8.45145e-08
1186 8.38039e-08
1187 8.30993e-08
1188 8.24006e-08
1189 8.17078e-08
1190 8.10208e-08
1191 8.03396e-08
1192 7.96641e-08
1193 7.89943e-08
1194 7.83301e-08
1195 7.76715e-08
1196 7.70184e-08
1197 7.63708e-08
1198 7.57287e-08
1199 7.5092e-08
1200 7.44606e-08
1201 7.38345e-08
1202 7.32137e-08
1203 7.25982e-08
1204 7.19878e-08
1205 7.13825e-08
1206 7.07823e-08
1207 7.01872e-08
1208 6.9597e-08
1209 6.90119e-08
1210 6.84316e-08
1211 6.78562e-08
1212 6.72857e-08
1213 6.672e-08
1214 6.6159e-08
1215 6.56027e-08
1216 6.50511e-08
1217 6.45042e-08
1218 6.39618e-08
1219 6.3424e-08
1220 6.28908e-08
1221 6.2362e-08
1222 6.18376e-08
1223 6.13177e-08
1224 6.08021e-08
1225 6.02909e-08
1226 5.9784e-08
1227 5.92813e-08
1228 5.87829e-08
1229 5.82886e-08
1230 5.77985e-08
1231 5.73126e-08
1232 5.68307e-08
1233 5.63529e-08
1234 5.5879e-08
1235 5.54092e-08
1236 5.49433e-08
1237 5.44814e-08
1238 5.40233e-08
1239 5.35691e-08
1240 5.31186e-08
1241 5.2672e-08
1242 5.22292e-08
1243 5.179e-08
1244 5.13546e-08
1245 5.09228e-08
1246 5.04946e-08
1247 5.00701e-08
1248 4.96491e-08
1249 4.92316e-08
1250 4.88177e-08
1251 4.84072e-08
1252 4.80002e-08
1253 4.75966e-08
1254 4.71964e-08
1255 4.67996e-08
1256 4.64061e-08
1257 4.60159e-08
1258 4.5629e-08
1259 4.52454e-08
1260 4.4865e-08
1261 4.44877e-08
1262 4.41137e-08
1263 4.37428e-08
1264 4.3375e-08
1265 4.30103e-08
1266 4.26487e-08
1267 4.22901e-08
1268 4.19345e-08
1269 4.15819e-08
1270 4.12323e-08
1271 4.08856e-08
1272 4.05418e-08
1273 4.0201e-08
1274 3.98629e-08
1275 3.95278e-08
1276 3.91954e-08
1277 3.88659e-08
1278 3.85391e-08
1279 3.8215e-08
1280 3.78937e-08
1281 3.75751e-08
1282 3.72592e-08
1283 3.69459e-08
1284 3.66353e-08
1285 3.63272e-08
1286 3.60218e-08
1287 3.57189e-08
1288 3.54186e-08
1289 3.51208e-08
1290 3.48255e-08
1291 3.45327e-08
1292 3.42424e-08
1293 3.39544e-08
1294 3.3669e-08
1295 3.33859e-08
1296 3.31052e-08
1297 3.28268e-08
1298 3.25508e-08
1299 3.22771e-08
1300 3.20057e-08
1301 3.17366e-08
1302 3.14698e-08
1303 3.12052e-08
1304 3.09428e-08
1305 3.06826e-08
1306 3.04247e-08
1307 3.01688e-08
1308 2.99152e-08
1309 2.96637e-08
1310 2.94142e-08
1311 2.91669e-08
1312 2.89217e-08
1313 2.86785e-08
1314 2.84374e-08
1315 2.81983e-08
1316 2.79612e-08
1317 2.77261e-08
1318 2.7493e-08
1319 2.72618e-08
1320 2.70326e-08
1321 2.68053e-08
1322 2.65799e-08
1323 2.63564e-08
1324 2.61348e-08
1325 2.59151e-08
1326 2.56972e-08
1327 2.54811e-08
1328 2.52669e-08
1329 2.50545e-08
1330 2.48438e-08
1331 2.46349e-08
1332 2.44278e-08
1333 2.42224e-08
1334 2.40187e-08
1335 2.38168e-08
1336 2.36165e-08
1337 2.3418e-08
1338 2.32211e-08
1339 2.30258e-08
1340 2.28322e-08
1341 2.26402e-08
1342 2.24499e-08
1343 2.22611e-08
1344 2.2074e-08
1345 2.18884e-08
1346 2.17043e-08
1347 2.15218e-08
1348 2.13409e-08
1349 2.11614e-08
1350 2.09835e-08
1351 2.08071e-08
1352 2.06321e-08
1353 2.04587e-08
1354 2.02866e-08
1355 2.01161e-08
1356 1.99469e-08
1357 1.97792e-08
1358 1.96129e-08
1359 1.9448e-08
1360 1.92845e-08
1361 1.91224e-08
1362 1.89616e-08
1363 1.88021e-08
1364 1.86441e-08
1365 1.84873e-08
1366 1.83319e-08
1367 1.81777e-08
1368 1.80249e-08
1369 1.78733e-08
1370 1.7723e-08
1371 1.7574e-08
1372 1.74263e-08
1373 1.72797e-08
1374 1.71345e-08
1375 1.69904e-08
1376 1.68475e-08
1377 1.67059e-08
1378 1.65654e-08
1379 1.64261e-08
1380 1.6288e-08
1381 1.61511e-08
1382 1.60153e-08
1383 1.58806e-08
1384 1.57471e-08
1385 1.56147e-08
1386 1.54834e-08
1387 1.53532e-08
1388 1.52241e-08
1389 1.50961e-08
1390 1.49692e-08
1391 1.48433e-08
1392 1.47185e-08
1393 1.45948e-08
1394 1.44721e-08
1395 1.43504e-08
1396 1.42297e-08
1397 1.41101e-08
1398 1.39914e-08
1399 1.38738e-08
1400 1.37572e-08
1401 1.36415e-08
1402 1.35268e-08
1403 1.34131e-08
1404 1.33003e-08
1405 1.31885e-08
1406 1.30776e-08
1407 1.29676e-08
1408 1.28586e-08
1409 1.27505e-08
1410 1.26433e-08
1411 1.25369e-08
1412 1.24315e-08
1413 1.2327e-08
1414 1.22234e-08
1415 1.21206e-08
1416 1.20187e-08
1417 1.19176e-08
1418 1.18174e-08
1419 1.17181e-08
1420 1.16195e-08
1421 1.15218e-08
1422 1.1425e-08
1423 1.13289e-08
1424 1.12337e-08
1425 1.11392e-08
1426 1.10455e-08
1427 1.09527e-08
1428 1.08606e-08
1429 1.07693e-08
1430 1.06787e-08
1431 1.05889e-08
1432 1.04999e-08
1433 1.04116e-08
1434 1.03241e-08
1435 1.02373e-08
1436 1.01512e-08
1437 1.00658e-08
1438 9.98121e-09
1439 9.89729e-09
1440 9.81407e-09
1441 9.73155e-09
1442 9.64973e-09
1443 9.56859e-09
1444 9.48814e-09
1445 9.40837e-09
1446 9.32926e-09
1447 9.25082e-09
1448 9.17304e-09
1449 9.09591e-09
1450 9.01943e-09
1451 8.9436e-09
1452 8.8684e-09
1453 8.79383e-09
1454 8.7199e-09
1455 8.64658e-09
1456 8.57388e-09
1457 8.50179e-09
1458 8.43031e-09
1459 8.35942e-09
1460 8.28914e-09
1461 8.21944e-09
1462 8.15033e-09
1463 8.08181e-09
1464 8.01385e-09
1465 7.94647e-09
1466 7.87966e-09
1467 7.81341e-09
1468 7.74771e-09
1469 7.68257e-09
1470 7.61797e-09
1471 7.55392e-09
1472 7.49041e-09
1473 7.42743e-09
1474 7.36498e-09
1475 7.30305e-09
1476 7.24165e-09
1477 7.18076e-09
1478 7.12039e-09
1479 7.06052e-09
1480 7.00115e-09
1481 6.94229e-09
1482 6.88392e-09
1483 6.82604e-09
1484 6.76864e-09
1485 6.71173e-09
1486 6.6553e-09
1487 6.59934e-09
1488 6.54385e-09
1489 6.48883e-09
1490 6.43428e-09
1491 6.38018e-09
1492 6.32653e-09
1493 6.27334e-09
1494 6.22059e-09
1495 6.16829e-09
1496 6.11643e-09
1497 6.065e-09
1498 6.014e-09
1499 5.96344e-09
1500 5.9133e-09
1501 5.86358e-09
1502 5.81428e-09
1503 5.76539e-09
1504 5.71692e-09
1505 5.66885e-09
1506 5.62118e-09
1507 5.57392e-09
1508 5.52706e-09
1509 5.48058e-09
1510 5.4345e-09
1511 5.38881e-09
1512 5.3435e-09
1513 5.29857e-09
1514 5.25402e-09
1515 5.20985e-09
1516 5.16604e-09
1517 5.12261e-09
1518 5.07954e-09
1519 5.03683e-09
1520 4.99448e-09
1521 4.95248e-09
1522 4.91084e-09
1523 4.86955e-09
1524 4.82861e-09
1525 4.78801e-09
1526 4.74775e-09
1527 4.70783e-09
1528 4.66825e-09
1529 4.629e-09
1530 4.59008e-09
1531 4.55148e-09
1532 4.51322e-09
1533 4.47527e-09
1534 4.43764e-09
1535 4.40033e-09
1536 4.36333e-09
1537 4.32664e-09
1538 4.29027e-09
1539 4.25419e-09
1540 4.21842e-09
1541 4.18296e-09
1542 4.14778e-09
1543 4.11291e-09
1544 4.07833e-09
1545 4.04404e-09
1546 4.01004e-09
1547 3.97632e-09
1548 3.94289e-09
1549 3.90973e-09
1550 3.87686e-09
1551 3.84426e-09
1552 3.81194e-09
1553 3.77989e-09
1554 3.74811e-09
1555 3.7166e-09
1556 3.68535e-09
1557 3.65436e-09
1558 3.62363e-09
1559 3.59317e-09
1560 3.56296e-09
1561 3.533e-09
1562 3.50329e-09
1563 3.47384e-09
1564 3.44463e-09
1565 3.41567e-09
1566 3.38695e-09
1567 3.35847e-09
1568 3.33023e-09
1569 3.30223e-09
1570 3.27447e-09
1571 3.24693e-09
1572 3.21963e-09
1573 3.19256e-09
1574 3.16572e-09
1575 3.1391e-09
1576 3.11271e-09
1577 3.08654e-09
1578 3.06059e-09
1579 3.03485e-09
1580 3.00934e-09
1581 2.98403e-09
1582 2.95894e-09
1583 2.93406e-09
1584 2.90939e-09
1585 2.88493e-09
1586 2.86068e-09
1587 2.83662e-09
1588 2.81277e-09
1589 2.78912e-09
1590 2.76567e-09
1591 2.74242e-09
1592 2.71936e-09
1593 2.6965e-09
1594 2.67382e-09
1595 2.65134e-09
1596 2.62905e-09
1597 2.60694e-09
1598 2.58503e-09
1599 2.56329e-09
1600 2.54174e-09
1601 2.52037e-09
1602 2.49918e-09
1603 2.47816e-09
1604 2.45733e-09
1605 2.43667e-09
1606 2.41618e-09
1607 2.39586e-09
1608 2.37572e-09
1609 2.35574e-09
1610 2.33594e-09
1611 2.3163e-09
1612 2.29682e-09
1613 2.27751e-09
1614 2.25836e-09
1615 2.23937e-09
1616 2.22054e-09
1617 2.20187e-09
1618 2.18336e-09
1619 2.165e-09
1620 2.1468e-09
1621 2.12875e-09
1622 2.11085e-09
1623 2.0931e-09
1624 2.0755e-09
1625 2.05805e-09
1626 2.04075e-09
1627 2.02359e-09
1628 2.00657e-09
1629 1.9897e-09
1630 1.97297e-09
1631 1.95638e-09
1632 1.93993e-09
1633 1.92362e-09
1634 1.90745e-09
1635 1.89141e-09
1636 1.87551e-09
1637 1.85974e-09
1638 1.8441e-09
1639 1.8286e-09
1640 1.81322e-09
1641 1.79798e-09
1642 1.78286e-09
1643 1.76787e-09
1644 1.75301e-09
1645 1.73827e-09
1646 1.72365e-09
1647 1.70916e-09
1648 1.69479e-09
1649 1.68054e-09
1650 1.66641e-09
1651 1.6524e-09
1652 1.6385e-09
1653 1.62473e-09
1654 1.61107e-09
1655 1.59752e-09
1656 1.58409e-09
1657 1.57077e-09
1658 1.55756e-09
1659 1.54447e-09
1660 1.53148e-09
1661 1.5186e-09
1662 1.50584e-09
1663 1.49317e-09
1664 1.48062e-09
1665 1.46817e-09
1666 1.45583e-09
1667 1.44359e-09
1668 1.43145e-09
1669 1.41941e-09
1670 1.40748e-09
1671 1.39564e-09
1672 1.38391e-09
1673 1.37227e-09
1674 1.36074e-09
1675 1.34929e-09
1676 1.33795e-09
1677 1.3267e-09
1678 1.31554e-09
1679 1.30448e-09
1680 1.29352e-09
1681 1.28264e-09
1682 1.27186e-09
1683 1.26116e-09
1684 1.25056e-09
1685 1.24004e-09
1686 1.22962e-09
1687 1.21928e-09
1688 1.20903e-09
1689 1.19886e-09
1690 1.18878e-09
1691 1.17879e-09
1692 1.16887e-09
1693 1.15905e-09
1694 1.1493e-09
1695 1.13964e-09
1696 1.13006e-09
1697 1.12055e-09
1698 1.11113e-09
1699 1.10179e-09
1700 1.09253e-09
1701 1.08334e-09
1702 1.07423e-09
1703 1.0652e-09
1704 1.05624e-09
1705 1.04736e-09
1706 1.03856e-09
1707 1.02982e-09
1708 1.02117e-09
1709 1.01258e-09
1710 1.00407e-09
1711 9.95623e-10