1 0.0385714
2 0.0109682
3 0.00723578
4 0.00472687
5 0.0030477
6 0.0020588
7 0.00149007
8 0.00114621
9 0.000921961
10 0.000764892
11 0.000648545
12 0.000558767
13 0.000487409
14 0.000429431
15 0.000381513
16 0.000341364
17 0.000307341
18 0.000278227
19 0.000253105
20 0.000231264
21 0.000212152
22 0.000195326
23 0.000180434
24 0.000167188
25 0.000155352
26 0.000144732
27 0.000135166
28 0.000126518
29 0.000118675
30 0.000111538
31 0.000105026
32 9.90673e-05
33 9.36006e-05
34 8.85731e-05
35 8.3939e-05
36 7.96581e-05
37 7.56955e-05
38 7.20202e-05
39 6.86053e-05
40 6.54266e-05
41 6.24628e-05
42 5.96952e-05
43 5.71067e-05
44 5.46822e-05
45 5.24084e-05
46 5.02728e-05
47 4.82647e-05
48 4.63742e-05
49 4.45922e-05
50 4.29107e-05
51 4.13223e-05
52 3.98203e-05
53 3.83987e-05
54 3.70517e-05
55 3.57744e-05
56 3.4562e-05
57 3.34102e-05
58 3.23151e-05
59 3.12731e-05
60 3.02809e-05
61 2.93352e-05
62 2.84334e-05
63 2.75727e-05
64 2.67507e-05
65 2.59651e-05
66 2.52138e-05
67 2.44949e-05
68 2.38065e-05
69 2.3147e-05
70 2.25147e-05
71 2.19083e-05
72 2.13262e-05
73 2.07673e-05
74 2.02303e-05
75 1.9714e-05
76 1.92175e-05
77 1.87398e-05
78 1.82798e-05
79 1.78368e-05
80 1.74099e-05
81 1.69983e-05
82 1.66013e-05
83 1.62182e-05
84 1.58484e-05
85 1.54913e-05
86 1.51463e-05
87 1.48128e-05
88 1.44903e-05
89 1.41783e-05
90 1.38765e-05
91 1.35843e-05
92 1.33013e-05
93 1.30271e-05
94 1.27614e-05
95 1.25039e-05
96 1.22541e-05
97 1.20117e-05
98 1.17765e-05
99 1.15482e-05
100 1.13265e-05
101 1.11111e-05
102 1.09018e-05
103 1.06984e-05
104 1.05006e-05
105 1.03082e-05
106 1.01209e-05
107 9.93874e-06
108 9.76136e-06
109 9.58862e-06
110 9.42035e-06
111 9.25638e-06
112 9.09657e-06
113 8.94075e-06
114 8.7888e-06
115 8.64056e-06
116 8.49591e-06
117 8.35473e-06
118 8.21688e-06
119 8.08227e-06
120 7.95077e-06
121 7.82228e-06
122 7.6967e-06
123 7.57392e-06
124 7.45387e-06
125 7.33643e-06
126 7.22154e-06
127 7.10911e-06
128 6.99905e-06
129 6.89129e-06
130 6.78575e-06
131 6.68237e-06
132 6.58108e-06
133 6.48181e-06
134 6.3845e-06
135 6.28909e-06
136 6.19552e-06
137 6.10373e-06
138 6.01367e-06
139 5.92529e-06
140 5.83855e-06
141 5.75338e-06
142 5.66975e-06
143 5.58761e-06
144 5.50693e-06
145 5.42765e-06
146 5.34974e-06
147 5.27316e-06
148 5.19788e-06
149 5.12385e-06
150 5.05106e-06
151 4.97945e-06
152 4.90901e-06
153 4.83971e-06
154 4.7715e-06
155 4.70438e-06
156 4.6383e-06
157 4.57324e-06
158 4.50919e-06
159 4.44611e-06
160 4.38398e-06
161 4.32279e-06
162 4.2625e-06
163 4.2031e-06
164 4.14456e-06
165 4.08688e-06
166 4.03003e-06
167 3.97399e-06
168 3.91875e-06
169 3.86429e-06
170 3.81059e-06
171 3.75765e-06
172 3.70543e-06
173 3.65394e-06
174 3.60315e-06
175 3.55306e-06
176 3.50364e-06
177 3.4549e-06
178 3.40681e-06
179 3.35936e-06
180 3.31255e-06
181 3.26636e-06
182 3.22079e-06
183 3.17581e-06
184 3.13143e-06
185 3.08763e-06
186 3.04441e-06
187 3.00175e-06
188 2.95965e-06
189 2.91809e-06
190 2.87708e-06
191 2.8366e-06
192 2.79664e-06
193 2.7572e-06
194 2.71827e-06
195 2.67984e-06
196 2.64191e-06
197 2.60447e-06
198 2.56751e-06
199 2.53102e-06
200 2.49501e-06
201 2.45946e-06
202 2.42437e-06
203 2.38973e-06
204 2.35554e-06
205 2.32179e-06
206 2.28847e-06
207 2.25559e-06
208 2.22313e-06
209 2.19109e-06
210 2.15947e-06
211 2.12825e-06
212 2.09745e-06
213 2.06704e-06
214 2.03703e-06
215 2.00741e-06
216 1.97818e-06
217 1.94933e-06
218 1.92085e-06
219 1.89276e-06
220 1.86503e-06
221 1.83766e-06
222 1.81066e-06
223 1.78402e-06
224 1.75772e-06
225 1.73178e-06
226 1.70618e-06
227 1.68093e-06
228 1.65601e-06
229 1.63142e-06
230 1.60716e-06
231 1.58323e-06
232 1.55963e-06
233 1.53634e-06
234 1.51336e-06
235 1.4907e-06
236 1.46835e-06
237 1.4463e-06
238 1.42455e-06
239 1.4031e-06
240 1.38194e-06
241 1.36107e-06
242 1.34049e-06
243 1.3202e-06
244 1.30018e-06
245 1.28045e-06
246 1.26098e-06
247 1.24179e-06
248 1.22287e-06
249 1.20421e-06
250 1.18581e-06
251 1.16767e-06
252 1.14979e-06
253 1.13216e-06
254 1.11478e-06
255 1.09764e-06
256 1.08075e-06
257 1.0641e-06
258 1.04769e-06
259 1.03151e-06
260 1.01556e-06
261 9.99839e-07
262 9.84347e-07
263 9.69078e-07
264 9.54029e-07
265 9.39198e-07
266 9.24582e-07
267 9.10178e-07
268 8.95984e-07
269 8.81997e-07
270 8.68215e-07
271 8.54634e-07
272 8.41252e-07
273 8.28067e-07
274 8.15077e-07
275 8.02277e-07
276 7.89667e-07
277 7.77244e-07
278 7.65005e-07
279 7.52947e-07
280 7.41069e-07
281 7.29368e-07
282 7.17842e-07
283 7.06488e-07
284 6.95304e-07
285 6.84288e-07
286 6.73437e-07
287 6.6275e-07
288 6.52224e-07
289 6.41857e-07
290 6.31646e-07
291 6.2159e-07
292 6.11687e-07
293 6.01934e-07
294 5.9233e-07
295 5.82872e-07
296 5.73558e-07
297 5.64386e-07
298 5.55355e-07
299 5.46462e-07
300 5.37705e-07
301 5.29083e-07
302 5.20594e-07
303 5.12235e-07
304 5.04005e-07
305 4.95902e-07
306 4.87925e-07
307 4.80071e-07
308 4.72338e-07
309 4.64726e-07
310 4.57232e-07
311 4.49854e-07
312 4.42591e-07
313 4.35442e-07
314 4.28403e-07
315 4.21475e-07
316 4.14655e-07
317 4.07942e-07
318 4.01335e-07
319 3.9483e-07
320 3.88428e-07
321 3.82127e-07
322 3.75924e-07
323 3.6982e-07
324 3.63811e-07
325 3.57898e-07
326 3.52077e-07
327 3.46349e-07
328 3.40711e-07
329 3.35163e-07
330 3.29703e-07
331 3.24329e-07
332 3.1904e-07
333 3.13836e-07
334 3.08714e-07
335 3.03674e-07
336 2.98714e-07
337 2.93833e-07
338 2.8903e-07
339 2.84304e-07
340 2.79653e-07
341 2.75077e-07
342 2.70574e-07
343 2.66143e-07
344 2.61783e-07
345 2.57493e-07
346 2.53272e-07
347 2.49118e-07
348 2.45031e-07
349 2.4101e-07
350 2.37054e-07
351 2.33162e-07
352 2.29332e-07
353 2.25563e-07
354 2.21856e-07
355 2.18209e-07
356 2.1462e-07
357 2.11089e-07
358 2.07616e-07
359 2.04198e-07
360 2.00836e-07
361 1.97529e-07
362 1.94275e-07
363 1.91073e-07
364 1.87924e-07
365 1.84826e-07
366 1.81778e-07
367 1.7878e-07
368 1.7583e-07
369 1.72928e-07
370 1.70074e-07
371 1.67266e-07
372 1.64503e-07
373 1.61786e-07
374 1.59113e-07
375 1.56484e-07
376 1.53897e-07
377 1.51353e-07
378 1.4885e-07
379 1.46388e-07
380 1.43967e-07
381 1.41585e-07
382 1.39241e-07
383 1.36937e-07
384 1.3467e-07
385 1.3244e-07
386 1.30246e-07
387 1.28089e-07
388 1.25967e-07
389 1.23879e-07
390 1.21826e-07
391 1.19807e-07
392 1.1782e-07
393 1.15867e-07
394 1.13945e-07
395 1.12055e-07
396 1.10196e-07
397 1.08368e-07
398 1.06569e-07
399 1.04801e-07
400 1.03061e-07
401 1.0135e-07
402 9.96672e-08
403 9.80121e-08
404 9.63842e-08
405 9.47831e-08
406 9.32084e-08
407 9.16597e-08
408 9.01366e-08
409 8.86385e-08
410 8.71652e-08
411 8.57161e-08
412 8.4291e-08
413 8.28894e-08
414 8.1511e-08
415 8.01553e-08
416 7.8822e-08
417 7.75108e-08
418 7.62212e-08
419 7.4953e-08
420 7.37057e-08
421 7.2479e-08
422 7.12727e-08
423 7.00863e-08
424 6.89195e-08
425 6.7772e-08
426 6.66436e-08
427 6.55338e-08
428 6.44424e-08
429 6.33691e-08
430 6.23135e-08
431 6.12755e-08
432 6.02546e-08
433 5.92507e-08
434 5.82634e-08
435 5.72925e-08
436 5.63377e-08
437 5.53988e-08
438 5.44754e-08
439 5.35673e-08
440 5.26743e-08
441 5.17961e-08
442 5.09325e-08
443 5.00832e-08
444 4.92481e-08
445 4.84268e-08
446 4.76191e-08
447 4.68249e-08
448 4.60438e-08
449 4.52758e-08
450 4.45205e-08
451 4.37777e-08
452 4.30473e-08
453 4.23291e-08
454 4.16227e-08
455 4.09282e-08
456 4.02451e-08
457 3.95735e-08
458 3.8913e-08
459 3.82635e-08
460 3.76248e-08
461 3.69967e-08
462 3.63791e-08
463 3.57717e-08
464 3.51745e-08
465 3.45872e-08
466 3.40097e-08
467 3.34418e-08
468 3.28834e-08
469 3.23342e-08
470 3.17942e-08
471 3.12632e-08
472 3.07411e-08
473 3.02276e-08
474 2.97227e-08
475 2.92262e-08
476 2.8738e-08
477 2.82579e-08
478 2.77858e-08
479 2.73216e-08
480 2.68651e-08
481 2.64163e-08
482 2.59749e-08
483 2.55408e-08
484 2.51141e-08
485 2.46944e-08
486 2.42817e-08
487 2.38759e-08
488 2.34769e-08
489 2.30845e-08
490 2.26987e-08
491 2.23193e-08
492 2.19462e-08
493 2.15794e-08
494 2.12187e-08
495 2.0864e-08
496 2.05152e-08
497 2.01723e-08
498 1.9835e-08
499 1.95034e-08
500 1.91773e-08
501 1.88567e-08
502 1.85414e-08
503 1.82314e-08
504 1.79266e-08
505 1.76268e-08
506 1.73321e-08
507 1.70423e-08
508 1.67573e-08
509 1.64771e-08
510 1.62015e-08
511 1.59306e-08
512 1.56642e-08
513 1.54022e-08
514 1.51446e-08
515 1.48913e-08
516 1.46422e-08
517 1.43973e-08
518 1.41565e-08
519 1.39197e-08
520 1.36869e-08
521 1.3458e-08
522 1.32329e-08
523 1.30115e-08
524 1.27938e-08
525 1.25798e-08
526 1.23694e-08
527 1.21625e-08
528 1.1959e-08
529 1.17589e-08
530 1.15622e-08
531 1.13688e-08
532 1.11786e-08
533 1.09915e-08
534 1.08076e-08
535 1.06268e-08
536 1.0449e-08
537 1.02742e-08
538 1.01023e-08
539 9.93324e-09
540 9.76703e-09
541 9.6036e-09
542 9.44291e-09
543 9.2849e-09
544 9.12953e-09
545 8.97676e-09
546 8.82654e-09
547 8.67884e-09
548 8.53361e-09
549 8.3908e-09
550 8.25038e-09
551 8.11231e-09
552 7.97655e-09
553 7.84306e-09
554 7.7118e-09
555 7.58274e-09
556 7.45584e-09
557 7.33106e-09
558 7.20836e-09
559 7.08772e-09
560 6.9691e-09
561 6.85245e-09
562 6.73777e-09
563 6.62499e-09
564 6.51411e-09
565 6.40508e-09
566 6.29787e-09
567 6.19246e-09
568 6.08881e-09
569 5.9869e-09
570 5.88669e-09
571 5.78815e-09
572 5.69127e-09
573 5.596e-09
574 5.50233e-09
575 5.41023e-09
576 5.31967e-09
577 5.23062e-09
578 5.14306e-09
579 5.05697e-09
580 4.97232e-09
581 4.88908e-09
582 4.80724e-09
583 4.72676e-09
584 4.64764e-09
585 4.56983e-09
586 4.49333e-09
587 4.41811e-09
588 4.34415e-09
589 4.27142e-09
590 4.19992e-09
591 4.12961e-09
592 4.06047e-09
593 3.99249e-09
594 3.92565e-09
595 3.85993e-09
596 3.79531e-09
597 3.73177e-09
598 3.66929e-09
599 3.60786e-09
600 3.54746e-09
601 3.48807e-09
602 3.42967e-09
603 3.37225e-09
604 3.31579e-09
605 3.26028e-09
606 3.20569e-09
607 3.15202e-09
608 3.09924e-09
609 3.04735e-09
610 2.99633e-09
611 2.94617e-09
612 2.89684e-09
613 2.84833e-09
614 2.80064e-09
615 2.75375e-09
616 2.70765e-09
617 2.66231e-09
618 2.61773e-09
619 2.5739e-09
620 2.53081e-09
621 2.48843e-09
622 2.44676e-09
623 2.4058e-09
624 2.36551e-09
625 2.3259e-09
626 2.28696e-09
627 2.24867e-09
628 2.21101e-09
629 2.17399e-09
630 2.13759e-09
631 2.10179e-09
632 2.0666e-09
633 2.032e-09
634 1.99797e-09
635 1.96452e-09
636 1.93162e-09
637 1.89927e-09
638 1.86747e-09
639 1.8362e-09
640 1.80545e-09
641 1.77522e-09
642 1.74549e-09
643 1.71626e-09
644 1.68753e-09
645 1.65927e-09
646 1.63148e-09
647 1.60416e-09
648 1.5773e-09
649 1.55089e-09
650 1.52491e-09
651 1.49938e-09
652 1.47427e-09
653 1.44958e-09
654 1.42531e-09
655 1.40144e-09
656 1.37797e-09
657 1.35489e-09
658 1.33221e-09
659 1.3099e-09
660 1.28796e-09
661 1.26639e-09
662 1.24518e-09
663 1.22433e-09
664 1.20383e-09
665 1.18367e-09
666 1.16385e-09
667 1.14435e-09
668 1.12519e-09
669 1.10635e-09
670 1.08782e-09
671 1.0696e-09
672 1.05169e-09
673 1.03408e-09
674 1.01676e-09
675 9.9973e-10
