1 0.0153641
2 0.0140431
3 0.0122095
4 0.0101776
5 0.00850615
6 0.00729399
7 0.00642897
8 0.00578906
9 0.00529186
10 0.00488855
11 0.0045507
12 0.00426111
13 0.00400876
14 0.00378613
15 0.00358783
16 0.00340983
17 0.00324902
18 0.00310293
19 0.00296957
20 0.0028473
21 0.00273477
22 0.00263084
23 0.00253455
24 0.00244508
25 0.00236172
26 0.00228385
27 0.00221096
28 0.00214257
29 0.00207828
30 0.00201773
31 0.00196059
32 0.00190658
33 0.00185546
34 0.00180699
35 0.00176098
36 0.00171724
37 0.0016756
38 0.00163592
39 0.00159807
40 0.00156191
41 0.00152734
42 0.00149426
43 0.00146256
44 0.00143218
45 0.00140302
46 0.00137502
47 0.00134811
48 0.00132223
49 0.00129731
50 0.00127332
51 0.00125019
52 0.00122788
53 0.00120636
54 0.00118557
55 0.00116549
56 0.00114608
57 0.0011273
58 0.00110913
59 0.00109154
60 0.00107451
61 0.00105799
62 0.00104198
63 0.00102646
64 0.00101139
65 0.00099676
66 0.000982554
67 0.000968751
68 0.000955335
69 0.00094229
70 0.000929602
71 0.000917256
72 0.000905238
73 0.000893536
74 0.000882138
75 0.000871031
76 0.000860206
77 0.000849652
78 0.000839357
79 0.000829314
80 0.000819513
81 0.000809946
82 0.000800603
83 0.000791478
84 0.000782562
85 0.000773849
86 0.000765331
87 0.000757002
88 0.000748856
89 0.000740886
90 0.000733087
91 0.000725452
92 0.000717978
93 0.000710658
94 0.000703488
95 0.000696463
96 0.000689578
97 0.000682829
98 0.000676212
99 0.000669723
100 0.000663357
101 0.000657111
102 0.000650982
103 0.000644965
104 0.000639058
105 0.000633256
106 0.000627558
107 0.00062196
108 0.000616459
109 0.000611051
110 0.000605735
111 0.000600508
112 0.000595367
113 0.00059031
114 0.000585333
115 0.000580436
116 0.000575615
117 0.000570868
118 0.000566194
119 0.00056159
120 0.000557054
121 0.000552584
122 0.000548179
123 0.000543836
124 0.000539554
125 0.000535332
126 0.000531166
127 0.000527056
128 0.000523001
129 0.000518998
130 0.000515046
131 0.000511145
132 0.000507291
133 0.000503485
134 0.000499725
135 0.000496009
136 0.000492336
137 0.000488706
138 0.000485117
139 0.000481567
140 0.000478057
141 0.000474584
142 0.000471147
143 0.000467747
144 0.000464382
145 0.00046105
146 0.000457752
147 0.000454485
148 0.00045125
149 0.000448046
150 0.000444871
151 0.000441726
152 0.000438609
153 0.000435519
154 0.000432457
155 0.00042942
156 0.00042641
157 0.000423424
158 0.000420463
159 0.000417526
160 0.000414612
161 0.000411722
162 0.000408853
163 0.000406007
164 0.000403182
165 0.000400378
166 0.000397594
167 0.000394831
168 0.000392087
169 0.000389363
170 0.000386658
171 0.000383971
172 0.000381303
173 0.000378652
174 0.00037602
175 0.000373404
176 0.000370806
177 0.000368225
178 0.00036566
179 0.000363112
180 0.000360579
181 0.000358063
182 0.000355562
183 0.000353076
184 0.000350606
185 0.00034815
186 0.00034571
187 0.000343284
188 0.000340872
189 0.000338475
190 0.000336092
191 0.000333723
192 0.000331368
193 0.000329027
194 0.000326699
195 0.000324385
196 0.000322084
197 0.000319797
198 0.000317522
199 0.000315261
200 0.000313013
201 0.000310777
202 0.000308555
203 0.000306345
204 0.000304148
205 0.000301963
206 0.000299791
207 0.000297631
208 0.000295483
209 0.000293348
210 0.000291225
211 0.000289114
212 0.000287015
213 0.000284929
214 0.000282854
215 0.000280791
216 0.000278741
217 0.000276702
218 0.000274674
219 0.000272659
220 0.000270655
221 0.000268663
222 0.000266683
223 0.000264714
224 0.000262757
225 0.000260812
226 0.000258878
227 0.000256955
228 0.000255044
229 0.000253144
230 0.000251255
231 0.000249378
232 0.000247513
233 0.000245658
234 0.000243815
235 0.000241983
236 0.000240162
237 0.000238352
238 0.000236553
239 0.000234766
240 0.000232989
241 0.000231224
242 0.000229469
243 0.000227726
244 0.000225993
245 0.000224271
246 0.00022256
247 0.00022086
248 0.000219171
249 0.000217493
250 0.000215825
251 0.000214168
252 0.000212522
253 0.000210886
254 0.000209261
255 0.000207646
256 0.000206042
257 0.000204449
258 0.000202866
259 0.000201293
260 0.000199731
261 0.000198179
262 0.000196638
263 0.000195107
264 0.000193586
265 0.000192075
266 0.000190575
267 0.000189084
268 0.000187604
269 0.000186134
270 0.000184674
271 0.000183224
272 0.000181784
273 0.000180353
274 0.000178933
275 0.000177522
276 0.000176122
277 0.000174731
278 0.000173349
279 0.000171978
280 0.000170616
281 0.000169263
282 0.00016792
283 0.000166587
284 0.000165263
285 0.000163949
286 0.000162643
287 0.000161348
288 0.000160061
289 0.000158784
290 0.000157516
291 0.000156257
292 0.000155007
293 0.000153766
294 0.000152534
295 0.000151311
296 0.000150098
297 0.000148893
298 0.000147696
299 0.000146509
300 0.00014533
301 0.00014416
302 0.000142999
303 0.000141846
304 0.000140702
305 0.000139566
306 0.000138439
307 0.00013732
308 0.00013621
309 0.000135108
310 0.000134014
311 0.000132928
312 0.00013185
313 0.000130781
314 0.00012972
315 0.000128667
316 0.000127621
317 0.000126584
318 0.000125554
319 0.000124533
320 0.000123519
321 0.000122513
322 0.000121514
323 0.000120524
324 0.000119541
325 0.000118565
326 0.000117597
327 0.000116636
328 0.000115683
329 0.000114737
330 0.000113799
331 0.000112867
332 0.000111943
333 0.000111026
334 0.000110117
335 0.000109214
336 0.000108318
337 0.00010743
338 0.000106548
339 0.000105673
340 0.000104805
341 0.000103944
342 0.00010309
343 0.000102242
344 0.000101401
345 0.000100567
346 9.97391e-05
347 9.89179e-05
348 9.81031e-05
349 9.72948e-05
350 9.64929e-05
351 9.56973e-05
352 9.49081e-05
353 9.41251e-05
354 9.33483e-05
355 9.25777e-05
356 9.18133e-05
357 9.10549e-05
358 9.03026e-05
359 8.95563e-05
360 8.8816e-05
361 8.80815e-05
362 8.7353e-05
363 8.66303e-05
364 8.59133e-05
365 8.52022e-05
366 8.44967e-05
367 8.37969e-05
368 8.31027e-05
369 8.24141e-05
370 8.17311e-05
371 8.10535e-05
372 8.03815e-05
373 7.97148e-05
374 7.90535e-05
375 7.83976e-05
376 7.77469e-05
377 7.71016e-05
378 7.64614e-05
379 7.58265e-05
380 7.51966e-05
381 7.45719e-05
382 7.39523e-05
383 7.33377e-05
384 7.2728e-05
385 7.21234e-05
386 7.15236e-05
387 7.09288e-05
388 7.03387e-05
389 6.97535e-05
390 6.91731e-05
391 6.85973e-05
392 6.80263e-05
393 6.74599e-05
394 6.68982e-05
395 6.63411e-05
396 6.57885e-05
397 6.52404e-05
398 6.46968e-05
399 6.41576e-05
400 6.36229e-05
401 6.30926e-05
402 6.25666e-05
403 6.20449e-05
404 6.15274e-05
405 6.10143e-05
406 6.05053e-05
407 6.00005e-05
408 5.94999e-05
409 5.90034e-05
410 5.8511e-05
411 5.80226e-05
412 5.75382e-05
413 5.70578e-05
414 5.65814e-05
415 5.61089e-05
416 5.56403e-05
417 5.51756e-05
418 5.47147e-05
419 5.42575e-05
420 5.38042e-05
421 5.33546e-05
422 5.29087e-05
423 5.24665e-05
424 5.2028e-05
425 5.1593e-05
426 5.11617e-05
427 5.07339e-05
428 5.03097e-05
429 4.9889e-05
430 4.94717e-05
431 4.90579e-05
432 4.86476e-05
433 4.82406e-05
434 4.7837e-05
435 4.74368e-05
436 4.70398e-05
437 4.66462e-05
438 4.62558e-05
439 4.58686e-05
440 4.54847e-05
441 4.5104e-05
442 4.47264e-05
443 4.43519e-05
444 4.39806e-05
445 4.36123e-05
446 4.32471e-05
447 4.28849e-05
448 4.25258e-05
449 4.21696e-05
450 4.18164e-05
451 4.14661e-05
452 4.11187e-05
453 4.07743e-05
454 4.04326e-05
455 4.00939e-05
456 3.97579e-05
457 3.94248e-05
458 3.90944e-05
459 3.87667e-05
460 3.84418e-05
461 3.81196e-05
462 3.78001e-05
463 3.74833e-05
464 3.71691e-05
465 3.68575e-05
466 3.65485e-05
467 3.6242e-05
468 3.59382e-05
469 3.56368e-05
470 3.5338e-05
471 3.50417e-05
472 3.47478e-05
473 3.44564e-05
474 3.41674e-05
475 3.38809e-05
476 3.35967e-05
477 3.33149e-05
478 3.30355e-05
479 3.27583e-05
480 3.24835e-05
481 3.2211e-05
482 3.19408e-05
483 3.16728e-05
484 3.14071e-05
485 3.11436e-05
486 3.08823e-05
487 3.06231e-05
488 3.03662e-05
489 3.01114e-05
490 2.98587e-05
491 2.96081e-05
492 2.93596e-05
493 2.91132e-05
494 2.88689e-05
495 2.86266e-05
496 2.83863e-05
497 2.8148e-05
498 2.79118e-05
499 2.76775e-05
500 2.74452e-05
501 2.72148e-05
502 2.69863e-05
503 2.67598e-05
504 2.65351e-05
505 2.63123e-05
506 2.60914e-05
507 2.58724e-05
508 2.56551e-05
509 2.54397e-05
510 2.52261e-05
511 2.50143e-05
512 2.48043e-05
513 2.4596e-05
514 2.43895e-05
515 2.41847e-05
516 2.39816e-05
517 2.37802e-05
518 2.35805e-05
519 2.33824e-05
520 2.31861e-05
521 2.29914e-05
522 2.27983e-05
523 2.26068e-05
524 2.24169e-05
525 2.22286e-05
526 2.20419e-05
527 2.18568e-05
528 2.16732e-05
529 2.14912e-05
530 2.13106e-05
531 2.11316e-05
532 2.09541e-05
533 2.07781e-05
534 2.06036e-05
535 2.04305e-05
536 2.02589e-05
537 2.00887e-05
538 1.99199e-05
539 1.97526e-05
540 1.95866e-05
541 1.94221e-05
542 1.92589e-05
543 1.90971e-05
544 1.89367e-05
545 1.87776e-05
546 1.86198e-05
547 1.84634e-05
548 1.83082e-05
549 1.81544e-05
550 1.80019e-05
551 1.78506e-05
552 1.77006e-05
553 1.75519e-05
554 1.74044e-05
555 1.72582e-05
556 1.71132e-05
557 1.69694e-05
558 1.68268e-05
559 1.66854e-05
560 1.65452e-05
561 1.64061e-05
562 1.62683e-05
563 1.61316e-05
564 1.5996e-05
565 1.58616e-05
566 1.57283e-05
567 1.55961e-05
568 1.54651e-05
569 1.53351e-05
570 1.52062e-05
571 1.50784e-05
572 1.49517e-05
573 1.48261e-05
574 1.47015e-05
575 1.45779e-05
576 1.44554e-05
577 1.43339e-05
578 1.42134e-05
579 1.4094e-05
580 1.39755e-05
581 1.38581e-05
582 1.37416e-05
583 1.36261e-05
584 1.35116e-05
585 1.3398e-05
586 1.32854e-05
587 1.31738e-05
588 1.3063e-05
589 1.29532e-05
590 1.28444e-05
591 1.27364e-05
592 1.26294e-05
593 1.25232e-05
594 1.24179e-05
595 1.23136e-05
596 1.22101e-05
597 1.21074e-05
598 1.20057e-05
599 1.19048e-05
600 1.18047e-05
601 1.17055e-05
602 1.16071e-05
603 1.15095e-05
604 1.14128e-05
605 1.13168e-05
606 1.12217e-05
607 1.11274e-05
608 1.10338e-05
609 1.09411e-05
610 1.08491e-05
611 1.07579e-05
612 1.06675e-05
613 1.05778e-05
614 1.04889e-05
615 1.04007e-05
616 1.03133e-05
617 1.02266e-05
618 1.01407e-05
619 1.00554e-05
620 9.97088e-06
621 9.88706e-06
622 9.80395e-06
623 9.72154e-06
624 9.63981e-06
625 9.55878e-06
626 9.47842e-06
627 9.39874e-06
628 9.31973e-06
629 9.24139e-06
630 9.1637e-06
631 9.08666e-06
632 9.01028e-06
633 8.93453e-06
634 8.85942e-06
635 8.78494e-06
636 8.71109e-06
637 8.63786e-06
638 8.56525e-06
639 8.49324e-06
640 8.42184e-06
641 8.35104e-06
642 8.28083e-06
643 8.21122e-06
644 8.14219e-06
645 8.07374e-06
646 8.00586e-06
647 7.93856e-06
648 7.87182e-06
649 7.80564e-06
650 7.74002e-06
651 7.67495e-06
652 7.61043e-06
653 7.54645e-06
654 7.48301e-06
655 7.4201e-06
656 7.35771e-06
657 7.29586e-06
658 7.23452e-06
659 7.1737e-06
660 7.11339e-06
661 7.05359e-06
662 6.99429e-06
663 6.93548e-06
664 6.87718e-06
665 6.81936e-06
666 6.76203e-06
667 6.70518e-06
668 6.64881e-06
669 6.59291e-06
670 6.53748e-06
671 6.48252e-06
672 6.42802e-06
673 6.37397e-06
674 6.32039e-06
675 6.26725e-06
676 6.21456e-06
677 6.16231e-06
678 6.1105e-06
679 6.05913e-06
680 6.00819e-06
681 5.95767e-06
682 5.90759e-06
683 5.85792e-06
684 5.80867e-06
685 5.75983e-06
686 5.71141e-06
687 5.66339e-06
688 5.61578e-06
689 5.56856e-06
690 5.52174e-06
691 5.47532e-06
692 5.42929e-06
693 5.38364e-06
694 5.33838e-06
695 5.29349e-06
696 5.24899e-06
697 5.20486e-06
698 5.1611e-06
699 5.11771e-06
700 5.07468e-06
701 5.03201e-06
702 4.98971e-06
703 4.94775e-06
704 4.90616e-06
705 4.86491e-06
706 4.824e-06
707 4.78345e-06
708 4.74323e-06
709 4.70335e-06
710 4.66381e-06
711 4.62459e-06
712 4.58571e-06
713 4.54716e-06
714 4.50893e-06
715 4.47102e-06
716 4.43343e-06
717 4.39615e-06
718 4.35919e-06
719 4.32254e-06
720 4.2862e-06
721 4.25016e-06
722 4.21443e-06
723 4.17899e-06
724 4.14386e-06
725 4.10902e-06
726 4.07447e-06
727 4.04021e-06
728 4.00624e-06
729 3.97256e-06
730 3.93916e-06
731 3.90604e-06
732 3.8732e-06
733 3.84063e-06
734 3.80834e-06
735 3.77632e-06
736 3.74457e-06
737 3.71309e-06
738 3.68187e-06
739 3.65091e-06
740 3.62022e-06
741 3.58978e-06
742 3.5596e-06
743 3.52967e-06
744 3.49999e-06
745 3.47057e-06
746 3.44139e-06
747 3.41245e-06
748 3.38376e-06
749 3.35531e-06
750 3.3271e-06
751 3.29913e-06
752 3.27139e-06
753 3.24388e-06
754 3.21661e-06
755 3.18956e-06
756 3.16275e-06
757 3.13615e-06
758 3.10979e-06
759 3.08364e-06
760 3.05771e-06
761 3.032e-06
762 3.00651e-06
763 2.98123e-06
764 2.95617e-06
765 2.93131e-06
766 2.90667e-06
767 2.88223e-06
768 2.85799e-06
769 2.83396e-06
770 2.81014e-06
771 2.78651e-06
772 2.76308e-06
773 2.73985e-06
774 2.71681e-06
775 2.69397e-06
776 2.67132e-06
777 2.64886e-06
778 2.62659e-06
779 2.6045e-06
780 2.58261e-06
781 2.56089e-06
782 2.53936e-06
783 2.51801e-06
784 2.49684e-06
785 2.47584e-06
786 2.45503e-06
787 2.43439e-06
788 2.41392e-06
789 2.39362e-06
790 2.3735e-06
791 2.35354e-06
792 2.33375e-06
793 2.31413e-06
794 2.29467e-06
795 2.27538e-06
796 2.25625e-06
797 2.23728e-06
798 2.21847e-06
799 2.19981e-06
800 2.18132e-06
801 2.16298e-06
802 2.14479e-06
803 2.12676e-06
804 2.10888e-06
805 2.09115e-06
806 2.07356e-06
807 2.05613e-06
808 2.03884e-06
809 2.0217e-06
810 2.0047e-06
811 1.98785e-06
812 1.97113e-06
813 1.95456e-06
814 1.93812e-06
815 1.92183e-06
816 1.90567e-06
817 1.88965e-06
818 1.87376e-06
819 1.85801e-06
820 1.84238e-06
821 1.82689e-06
822 1.81153e-06
823 1.7963e-06
824 1.7812e-06
825 1.76622e-06
826 1.75137e-06
827 1.73665e-06
828 1.72204e-06
829 1.70757e-06
830 1.69321e-06
831 1.67897e-06
832 1.66485e-06
833 1.65086e-06
834 1.63698e-06
835 1.62321e-06
836 1.60956e-06
837 1.59603e-06
838 1.58261e-06
839 1.56931e-06
840 1.55611e-06
841 1.54303e-06
842 1.53005e-06
843 1.51719e-06
844 1.50443e-06
845 1.49178e-06
846 1.47924e-06
847 1.4668e-06
848 1.45447e-06
849 1.44224e-06
850 1.43011e-06
851 1.41809e-06
852 1.40617e-06
853 1.39434e-06
854 1.38262e-06
855 1.371e-06
856 1.35947e-06
857 1.34804e-06
858 1.3367e-06
859 1.32546e-06
860 1.31432e-06
861 1.30327e-06
862 1.29231e-06
863 1.28145e-06
864 1.27067e-06
865 1.25999e-06
866 1.24939e-06
867 1.23889e-06
868 1.22847e-06
869 1.21814e-06
870 1.2079e-06
871 1.19775e-06
872 1.18767e-06
873 1.17769e-06
874 1.16779e-06
875 1.15797e-06
876 1.14823e-06
877 1.13858e-06
878 1.129e-06
879 1.11951e-06
880 1.1101e-06
881 1.10076e-06
882 1.09151e-06
883 1.08233e-06
884 1.07323e-06
885 1.06421e-06
886 1.05526e-06
887 1.04639e-06
888 1.03759e-06
889 1.02887e-06
890 1.02022e-06
891 1.01164e-06
892 1.00313e-06
893 9.94697e-07
894 9.86334e-07
895 9.7804e-07
896 9.69817e-07
897 9.61663e-07
898 9.53577e-07
899 9.4556e-07
900 9.37609e-07
901 9.29726e-07
902 9.21909e-07
903 9.14157e-07
904 9.06471e-07
905 8.9885e-07
906 8.91292e-07
907 8.83798e-07
908 8.76367e-07
909 8.68999e-07
910 8.61692e-07
911 8.54447e-07
912 8.47263e-07
913 8.40139e-07
914 8.33075e-07
915 8.26071e-07
916 8.19125e-07
917 8.12238e-07
918 8.05409e-07
919 7.98637e-07
920 7.91922e-07
921 7.85263e-07
922 7.78661e-07
923 7.72114e-07
924 7.65622e-07
925 7.59184e-07
926 7.52801e-07
927 7.46472e-07
928 7.40195e-07
929 7.33972e-07
930 7.27801e-07
931 7.21681e-07
932 7.15613e-07
933 7.09596e-07
934 7.0363e-07
935 6.97714e-07
936 6.91848e-07
937 6.86031e-07
938 6.80262e-07
939 6.74543e-07
940 6.68871e-07
941 6.63247e-07
942 6.57671e-07
943 6.52141e-07
944 6.46658e-07
945 6.41221e-07
946 6.35829e-07
947 6.30483e-07
948 6.25182e-07
949 6.19926e-07
950 6.14713e-07
951 6.09545e-07
952 6.0442e-07
953 5.99338e-07
954 5.94299e-07
955 5.89302e-07
956 5.84347e-07
957 5.79434e-07
958 5.74562e-07
959 5.69731e-07
960 5.64941e-07
961 5.60191e-07
962 5.55481e-07
963 5.5081e-07
964 5.46179e-07
965 5.41587e-07
966 5.37033e-07
967 5.32518e-07
968 5.2804e-07
969 5.236e-07
970 5.19198e-07
971 5.14832e-07
972 5.10504e-07
973 5.06211e-07
974 5.01955e-07
975 4.97735e-07
976 4.9355e-07
977 4.894e-07
978 4.85285e-07
979 4.81205e-07
980 4.77159e-07
981 4.73147e-07
982 4.69169e-07
983 4.65224e-07
984 4.61312e-07
985 4.57434e-07
986 4.53588e-07
987 4.49774e-07
988 4.45992e-07
989 4.42242e-07
990 4.38524e-07
991 4.34837e-07
992 4.31181e-07
993 4.27555e-07
994 4.2396e-07
995 4.20396e-07
996 4.16861e-07
997 4.13356e-07
998 4.09881e-07
999 4.06434e-07
1000 4.03017e-07
1001 3.99628e-07
1002 3.96268e-07
1003 3.92936e-07
1004 3.89633e-07
1005 3.86357e-07
1006 3.83108e-07
1007 3.79887e-07
1008 3.76693e-07
1009 3.73526e-07
1010 3.70385e-07
1011 3.67271e-07
1012 3.64183e-07
1013 3.61121e-07
1014 3.58084e-07
1015 3.55074e-07
1016 3.52088e-07
1017 3.49128e-07
1018 3.46192e-07
1019 3.43282e-07
1020 3.40395e-07
1021 3.37533e-07
1022 3.34695e-07
1023 3.31881e-07
1024 3.29091e-07
1025 3.26324e-07
1026 3.2358e-07
1027 3.20859e-07
1028 3.18161e-07
1029 3.15486e-07
1030 3.12834e-07
1031 3.10203e-07
1032 3.07595e-07
1033 3.05009e-07
1034 3.02444e-07
1035 2.99902e-07
1036 2.9738e-07
1037 2.9488e-07
1038 2.924e-07
1039 2.89942e-07
1040 2.87504e-07
1041 2.85087e-07
1042 2.8269e-07
1043 2.80313e-07
1044 2.77956e-07
1045 2.75619e-07
1046 2.73301e-07
1047 2.71003e-07
1048 2.68725e-07
1049 2.66465e-07
1050 2.64225e-07
1051 2.62003e-07
1052 2.598e-07
1053 2.57616e-07
1054 2.5545e-07
1055 2.53302e-07
1056 2.51172e-07
1057 2.49061e-07
1058 2.46966e-07
1059 2.4489e-07
1060 2.42831e-07
1061 2.40789e-07
1062 2.38765e-07
1063 2.36757e-07
1064 2.34766e-07
1065 2.32793e-07
1066 2.30835e-07
1067 2.28894e-07
1068 2.2697e-07
1069 2.25061e-07
1070 2.23169e-07
1071 2.21293e-07
1072 2.19432e-07
1073 2.17587e-07
1074 2.15758e-07
1075 2.13944e-07
1076 2.12145e-07
1077 2.10361e-07
1078 2.08592e-07
1079 2.06838e-07
1080 2.05099e-07
1081 2.03375e-07
1082 2.01665e-07
1083 1.99969e-07
1084 1.98288e-07
1085 1.96621e-07
1086 1.94968e-07
1087 1.93328e-07
1088 1.91703e-07
1089 1.90091e-07
1090 1.88493e-07
1091 1.86908e-07
1092 1.85336e-07
1093 1.83778e-07
1094 1.82233e-07
1095 1.80701e-07
1096 1.79181e-07
1097 1.77675e-07
1098 1.76181e-07
1099 1.74699e-07
1100 1.73231e-07
1101 1.71774e-07
1102 1.7033e-07
1103 1.68898e-07
1104 1.67477e-07
1105 1.66069e-07
1106 1.64673e-07
1107 1.63288e-07
1108 1.61916e-07
1109 1.60554e-07
1110 1.59204e-07
1111 1.57866e-07
1112 1.56538e-07
1113 1.55222e-07
1114 1.53917e-07
1115 1.52623e-07
1116 1.5134e-07
1117 1.50067e-07
1118 1.48805e-07
1119 1.47554e-07
1120 1.46314e-07
1121 1.45083e-07
1122 1.43864e-07
1123 1.42654e-07
1124 1.41454e-07
1125 1.40265e-07
1126 1.39086e-07
1127 1.37916e-07
1128 1.36757e-07
1129 1.35607e-07
1130 1.34467e-07
1131 1.33336e-07
1132 1.32215e-07
1133 1.31103e-07
1134 1.30001e-07
1135 1.28908e-07
1136 1.27824e-07
1137 1.26749e-07
1138 1.25684e-07
1139 1.24627e-07
1140 1.23579e-07
1141 1.2254e-07
1142 1.2151e-07
1143 1.20488e-07
1144 1.19475e-07
1145 1.1847e-07
1146 1.17474e-07
1147 1.16487e-07
1148 1.15507e-07
1149 1.14536e-07
1150 1.13573e-07
1151 1.12618e-07
1152 1.11671e-07
1153 1.10732e-07
1154 1.09801e-07
1155 1.08878e-07
1156 1.07963e-07
1157 1.07055e-07
1158 1.06155e-07
1159 1.05262e-07
1160 1.04377e-07
1161 1.03499e-07
1162 1.02629e-07
1163 1.01766e-07
1164 1.00911e-07
1165 1.00062e-07
1166 9.92209e-08
1167 9.83866e-08
1168 9.75594e-08
1169 9.67391e-08
1170 9.59257e-08
1171 9.51192e-08
1172 9.43194e-08
1173 9.35264e-08
1174 9.274e-08
1175 9.19603e-08
1176 9.11871e-08
1177 9.04204e-08
1178 8.96601e-08
1179 8.89062e-08
1180 8.81587e-08
1181 8.74175e-08
1182 8.66825e-08
1183 8.59536e-08
1184 8.52309e-08
1185 8.45143e-08
1186 8.38037e-08
1187 8.30991e-08
1188 8.24004e-08
1189 8.17076e-08
1190 8.10206e-08
1191 8.03394e-08
1192 7.96639e-08
1193 7.89941e-08
1194 7.83299e-08
1195 7.76713e-08
1196 7.70182e-08
1197 7.63706e-08
1198 7.57285e-08
1199 7.50918e-08
1200 7.44604e-08
1201 7.38344e-08
1202 7.32136e-08
1203 7.2598e-08
1204 7.19876e-08
1205 7.13823e-08
1206 7.07821e-08
1207 7.0187e-08
1208 6.95968e-08
1209 6.90117e-08
1210 6.84314e-08
1211 6.78561e-08
1212 6.72855e-08
1213 6.67198e-08
1214 6.61588e-08
1215 6.56025e-08
1216 6.5051e-08
1217 6.4504e-08
1218 6.39617e-08
1219 6.34239e-08
1220 6.28906e-08
1221 6.23618e-08
1222 6.18375e-08
1223 6.13175e-08
1224 6.0802e-08
1225 6.02908e-08
1226 5.97838e-08
1227 5.92812e-08
1228 5.87827e-08
1229 5.82885e-08
1230 5.77984e-08
1231 5.73124e-08
1232 5.68305e-08
1233 5.63527e-08
1234 5.58789e-08
1235 5.54091e-08
1236 5.49432e-08
1237 5.44812e-08
1238 5.40231e-08
1239 5.35689e-08
1240 5.31185e-08
1241 5.26719e-08
1242 5.2229e-08
1243 5.17899e-08
1244 5.13544e-08
1245 5.09226e-08
1246 5.04945e-08
1247 5.00699e-08
1248 4.96489e-08
1249 4.92315e-08
1250 4.88176e-08
1251 4.84071e-08
1252 4.80001e-08
1253 4.75965e-08
1254 4.71963e-08
1255 4.67995e-08
1256 4.6406e-08
1257 4.60158e-08
1258 4.56289e-08
1259 4.52453e-08
1260 4.48648e-08
1261 4.44876e-08
1262 4.41136e-08
1263 4.37427e-08
1264 4.33749e-08
1265 4.30102e-08
1266 4.26485e-08
1267 4.229e-08
1268 4.19344e-08
1269 4.15818e-08
1270 4.12322e-08
1271 4.08855e-08
1272 4.05417e-08
1273 4.02009e-08
1274 3.98628e-08
1275 3.95277e-08
1276 3.91953e-08
1277 3.88658e-08
1278 3.8539e-08
1279 3.8215e-08
1280 3.78936e-08
1281 3.7575e-08
1282 3.72591e-08
1283 3.69458e-08
1284 3.66352e-08
1285 3.63272e-08
1286 3.60217e-08
1287 3.57188e-08
1288 3.54185e-08
1289 3.51207e-08
1290 3.48254e-08
1291 3.45326e-08
1292 3.42423e-08
1293 3.39544e-08
1294 3.36689e-08
1295 3.33858e-08
1296 3.31051e-08
1297 3.28267e-08
1298 3.25507e-08
1299 3.2277e-08
1300 3.20056e-08
1301 3.17365e-08
1302 3.14697e-08
1303 3.12051e-08
1304 3.09427e-08
1305 3.06826e-08
1306 3.04246e-08
1307 3.01688e-08
1308 2.99151e-08
1309 2.96636e-08
1310 2.94142e-08
1311 2.91669e-08
1312 2.89216e-08
1313 2.86785e-08
1314 2.84373e-08
1315 2.81982e-08
1316 2.79611e-08
1317 2.7726e-08
1318 2.74929e-08
1319 2.72618e-08
1320 2.70325e-08
1321 2.68052e-08
1322 2.65799e-08
1323 2.63564e-08
1324 2.61348e-08
1325 2.5915e-08
1326 2.56971e-08
1327 2.54811e-08
1328 2.52668e-08
1329 2.50544e-08
1330 2.48437e-08
1331 2.46348e-08
1332 2.44277e-08
1333 2.42223e-08
1334 2.40187e-08
1335 2.38167e-08
1336 2.36165e-08
1337 2.34179e-08
1338 2.3221e-08
1339 2.30258e-08
1340 2.28322e-08
1341 2.26402e-08
1342 2.24498e-08
1343 2.22611e-08
1344 2.20739e-08
1345 2.18883e-08
1346 2.17043e-08
1347 2.15218e-08
1348 2.13408e-08
1349 2.11614e-08
1350 2.09835e-08
1351 2.0807e-08
1352 2.06321e-08
1353 2.04586e-08
1354 2.02866e-08
1355 2.0116e-08
1356 1.99469e-08
1357 1.97792e-08
1358 1.96129e-08
1359 1.9448e-08
1360 1.92844e-08
1361 1.91223e-08
1362 1.89615e-08
1363 1.88021e-08
1364 1.8644e-08
1365 1.84872e-08
1366 1.83318e-08
1367 1.81777e-08
1368 1.80248e-08
1369 1.78733e-08
1370 1.7723e-08
1371 1.7574e-08
1372 1.74262e-08
1373 1.72797e-08
1374 1.71344e-08
1375 1.69904e-08
1376 1.68475e-08
1377 1.67058e-08
1378 1.65654e-08
1379 1.64261e-08
1380 1.6288e-08
1381 1.6151e-08
1382 1.60152e-08
1383 1.58806e-08
1384 1.57471e-08
1385 1.56147e-08
1386 1.54834e-08
1387 1.53532e-08
1388 1.52241e-08
1389 1.50961e-08
1390 1.49692e-08
1391 1.48433e-08
1392 1.47185e-08
1393 1.45947e-08
1394 1.4472e-08
1395 1.43504e-08
1396 1.42297e-08
1397 1.41101e-08
1398 1.39914e-08
1399 1.38738e-08
1400 1.37571e-08
1401 1.36415e-08
1402 1.35268e-08
1403 1.3413e-08
1404 1.33002e-08
1405 1.31884e-08
1406 1.30775e-08
1407 1.29676e-08
1408 1.28585e-08
1409 1.27504e-08
1410 1.26432e-08
1411 1.25369e-08
1412 1.24315e-08
1413 1.2327e-08
1414 1.22233e-08
1415 1.21206e-08
1416 1.20187e-08
1417 1.19176e-08
1418 1.18174e-08
1419 1.1718e-08
1420 1.16195e-08
1421 1.15218e-08
1422 1.14249e-08
1423 1.13289e-08
1424 1.12336e-08
1425 1.11392e-08
1426 1.10455e-08
1427 1.09526e-08
1428 1.08606e-08
1429 1.07692e-08
1430 1.06787e-08
1431 1.05889e-08
1432 1.04999e-08
1433 1.04116e-08
1434 1.0324e-08
1435 1.02372e-08
1436 1.01512e-08
1437 1.00658e-08
1438 9.98118e-09
1439 9.89726e-09
1440 9.81404e-09
1441 9.73153e-09
1442 9.64971e-09
1443 9.56857e-09
1444 9.48812e-09
1445 9.40834e-09
1446 9.32924e-09
1447 9.2508e-09
1448 9.17302e-09
1449 9.09589e-09
1450 9.01941e-09
1451 8.94357e-09
1452 8.86838e-09
1453 8.79381e-09
1454 8.71987e-09
1455 8.64656e-09
1456 8.57386e-09
1457 8.50177e-09
1458 8.43028e-09
1459 8.3594e-09
1460 8.28912e-09
1461 8.21942e-09
1462 8.15031e-09
1463 8.08178e-09
1464 8.01383e-09
1465 7.94645e-09
1466 7.87964e-09
1467 7.81339e-09
1468 7.74769e-09
1469 7.68255e-09
1470 7.61795e-09
1471 7.5539e-09
1472 7.49039e-09
1473 7.42741e-09
1474 7.36496e-09
1475 7.30304e-09
1476 7.24163e-09
1477 7.18074e-09
1478 7.12037e-09
1479 7.0605e-09
1480 7.00113e-09
1481 6.94227e-09
1482 6.8839e-09
1483 6.82602e-09
1484 6.76863e-09
1485 6.71171e-09
1486 6.65528e-09
1487 6.59933e-09
1488 6.54384e-09
1489 6.48882e-09
1490 6.43426e-09
1491 6.38016e-09
1492 6.32652e-09
1493 6.27332e-09
1494 6.22058e-09
1495 6.16827e-09
1496 6.11641e-09
1497 6.06498e-09
1498 6.01399e-09
1499 5.96342e-09
1500 5.91328e-09
1501 5.86356e-09
1502 5.81426e-09
1503 5.76538e-09
1504 5.7169e-09
1505 5.66883e-09
1506 5.62117e-09
1507 5.57391e-09
1508 5.52704e-09
1509 5.48057e-09
1510 5.43449e-09
1511 5.3888e-09
1512 5.34349e-09
1513 5.29856e-09
1514 5.25401e-09
1515 5.20983e-09
1516 5.16603e-09
1517 5.12259e-09
1518 5.07952e-09
1519 5.03681e-09
1520 4.99446e-09
1521 4.95247e-09
1522 4.91083e-09
1523 4.86954e-09
1524 4.8286e-09
1525 4.788e-09
1526 4.74774e-09
1527 4.70782e-09
1528 4.66824e-09
1529 4.62899e-09
1530 4.59007e-09
1531 4.55147e-09
1532 4.5132e-09
1533 4.47526e-09
1534 4.43763e-09
1535 4.40032e-09
1536 4.36332e-09
1537 4.32663e-09
1538 4.29025e-09
1539 4.25418e-09
1540 4.21841e-09
1541 4.18294e-09
1542 4.14777e-09
1543 4.1129e-09
1544 4.07832e-09
1545 4.04403e-09
1546 4.01003e-09
1547 3.97631e-09
1548 3.94288e-09
1549 3.90972e-09
1550 3.87685e-09
1551 3.84426e-09
1552 3.81193e-09
1553 3.77988e-09
1554 3.7481e-09
1555 3.71659e-09
1556 3.68534e-09
1557 3.65435e-09
1558 3.62363e-09
1559 3.59316e-09
1560 3.56295e-09
1561 3.53299e-09
1562 3.50328e-09
1563 3.47383e-09
1564 3.44462e-09
1565 3.41566e-09
1566 3.38694e-09
1567 3.35846e-09
1568 3.33022e-09
1569 3.30222e-09
1570 3.27446e-09
1571 3.24693e-09
1572 3.21963e-09
1573 3.19256e-09
1574 3.16571e-09
1575 3.13909e-09
1576 3.1127e-09
1577 3.08653e-09
1578 3.06058e-09
1579 3.03484e-09
1580 3.00933e-09
1581 2.98403e-09
1582 2.95894e-09
1583 2.93406e-09
1584 2.90939e-09
1585 2.88493e-09
1586 2.86067e-09
1587 2.83662e-09
1588 2.81277e-09
1589 2.78912e-09
1590 2.76567e-09
1591 2.74241e-09
1592 2.71935e-09
1593 2.69649e-09
1594 2.67382e-09
1595 2.65134e-09
1596 2.62904e-09
1597 2.60694e-09
1598 2.58502e-09
1599 2.56328e-09
1600 2.54173e-09
1601 2.52036e-09
1602 2.49917e-09
1603 2.47816e-09
1604 2.45732e-09
1605 2.43666e-09
1606 2.41617e-09
1607 2.39586e-09
1608 2.37571e-09
1609 2.35574e-09
1610 2.33593e-09
1611 2.31629e-09
1612 2.29681e-09
1613 2.2775e-09
1614 2.25835e-09
1615 2.23936e-09
1616 2.22054e-09
1617 2.20187e-09
1618 2.18335e-09
1619 2.165e-09
1620 2.14679e-09
1621 2.12874e-09
1622 2.11084e-09
1623 2.0931e-09
1624 2.0755e-09
1625 2.05805e-09
1626 2.04074e-09
1627 2.02358e-09
1628 2.00657e-09
1629 1.9897e-09
1630 1.97297e-09
1631 1.95638e-09
1632 1.93993e-09
1633 1.92362e-09
1634 1.90745e-09
1635 1.89141e-09
1636 1.8755e-09
1637 1.85974e-09
1638 1.8441e-09
1639 1.82859e-09
1640 1.81322e-09
1641 1.79797e-09
1642 1.78286e-09
1643 1.76787e-09
1644 1.753e-09
1645 1.73826e-09
1646 1.72365e-09
1647 1.70915e-09
1648 1.69478e-09
1649 1.68053e-09
1650 1.6664e-09
1651 1.65239e-09
1652 1.6385e-09
1653 1.62472e-09
1654 1.61106e-09
1655 1.59752e-09
1656 1.58408e-09
1657 1.57077e-09
1658 1.55756e-09
1659 1.54446e-09
1660 1.53148e-09
1661 1.5186e-09
1662 1.50583e-09
1663 1.49317e-09
1664 1.48062e-09
1665 1.46817e-09
1666 1.45582e-09
1667 1.44358e-09
1668 1.43144e-09
1669 1.41941e-09
1670 1.40747e-09
1671 1.39564e-09
1672 1.38391e-09
1673 1.37227e-09
1674 1.36073e-09
1675 1.34929e-09
1676 1.33795e-09
1677 1.3267e-09
1678 1.31554e-09
1679 1.30448e-09
1680 1.29351e-09
1681 1.28264e-09
1682 1.27185e-09
1683 1.26116e-09
1684 1.25055e-09
1685 1.24004e-09
1686 1.22961e-09
1687 1.21927e-09
1688 1.20902e-09
1689 1.19886e-09
1690 1.18878e-09
1691 1.17878e-09
1692 1.16887e-09
1693 1.15904e-09
1694 1.1493e-09
1695 1.13963e-09
1696 1.13005e-09
1697 1.12055e-09
1698 1.11113e-09
1699 1.10179e-09
1700 1.09252e-09
1701 1.08334e-09
1702 1.07423e-09
1703 1.0652e-09
1704 1.05624e-09
1705 1.04736e-09
1706 1.03855e-09
1707 1.02982e-09
1708 1.02116e-09
1709 1.01258e-09
1710 1.00406e-09
1711 9.95621e-10
