x	y
475 0.00654
476 46.1532
477 88.3421
478 126.751
479 161.553
480 192.916
481 221.005
482 245.977
483 267.989
484 287.191
485 303.729
486 317.745
487 329.376
488 338.757
489 346.017
490 351.282
491 354.673
492 356.309
493 356.304
494 354.769
495 351.81
496 347.53
497 342.031
498 335.407
499 327.752
500 319.156
501 309.706
502 299.484
503 288.57
504 277.042
505 264.974
506 252.436
507 239.498
508 226.224
509 212.676
510 198.916
511 184.999
512 170.98
513 156.912
514 142.844
515 128.823
516 114.893
517 101.097
518 87.4749
519 74.0644
520 60.9012
521 48.0186
522 35.4481
523 23.219
524 11.3587
525 -0.1074
526 -11.1557
527 -21.7644
528 -31.9137
529 -41.5852
530 -50.7626
531 -59.4309
532 -67.5769
533 -75.1887
534 -82.2563
535 -88.7707
536 -94.7248
537 -100.112
538 -104.929
539 -109.171
540 -112.837
541 -115.925
542 -118.436
543 -120.371
544 -121.733
545 -122.525
546 -122.751
547 -122.418
548 -121.531
549 -120.097
550 -118.125
551 -115.624
552 -112.603
553 -109.073
554 -105.045
555 -100.531
556 -95.5423
557 -90.093
558 -84.1964
559 -77.8666
560 -71.1182
561 -63.9664
562 -56.4265
563 -48.5147
564 -40.247
565 -31.6403
566 -22.7114
567 -13.4776
568 -3.95631
569 5.83465
570 15.8774
571 26.1538
572 36.6457
573 47.3347
574 58.2023
575 69.23
576 80.3993
577 91.6915
578 103.088
579 114.571
580 126.12
581 137.719
582 149.348
583 160.99
584 172.626
585 184.238
586 195.809
587 207.321
588 218.757
589 230.099
590 241.331
591 252.436
592 263.399
593 274.202
594 284.83
595 295.269
596 305.502
597 315.516
598 325.296
599 334.828
600 344.1
601 353.097
602 361.807
603 370.218
604 378.319
605 386.098
606 393.545
607 400.649
608 407.4
609 413.789
610 419.808
611 425.448
612 430.701
613 435.561
614 440.02
615 444.073
616 447.714
617 450.937
618 453.74
619 456.116
620 458.065
621 459.581
622 460.665
623 461.313
624 461.525
625 461.3
626 460.639
627 459.542
628 458.01
629 456.046
630 453.652
631 450.83
632 447.585
633 443.921
634 439.841
635 435.352
636 430.46
637 425.17
638 419.489
639 413.426
640 406.987
641 400.183
642 393.02
643 385.51
644 377.661
645 369.486
646 360.994
647 352.197
648 343.107
649 333.736
650 324.098
651 314.205
652 304.071
653 293.711
654 283.139
655 272.369
656 261.417
657 250.299
658 239.03
659 227.626
660 216.105
661 204.482
662 192.776
663 181.003
664 169.181
665 157.328
666 145.461
667 133.599
668 121.76
669 109.963
670 98.2265
671 86.5685
672 75.0081
673 63.564
674 52.255
675 41.1
676 30.1177
677 19.3269
678 8.7463
679 -1.60561
680 -11.7104
681 -21.5496
682 -31.1053
683 -40.3594
684 -49.2943
685 -57.8925
686 -66.1368
687 -74.0105
688 -81.497
689 -88.5803
690 -95.2445
691 -101.475
692 -107.255
693 -112.573
694 -117.413
695 -121.763
696 -125.611
697 -128.943
698 -131.749
699 -134.018
700 -135.741
701 -136.908
702 -137.511
703 -137.542
704 -136.996
705 -135.866
706 -134.148
707 -131.838
708 -128.934
709 -125.434
710 -121.338
711 -116.646
712 -111.361
713 -105.486
714 -99.0244
715 -91.9834
716 -84.3697
717 -76.192
718 -67.4604
719 -58.1865
720 -48.3836
721 -38.0663
722 -27.2511
723 -15.9561
724 -4.20122
725 7.992
726 20.6
727 33.5976
728 46.9572
729 60.6498
730 74.644
731 88.9063
732 103.401
733 118.091
734 132.936
735 147.894
736 162.92
737 177.966
738 192.985
739 207.923
740 222.727
741 237.339
742 251.699
743 265.745
744 279.411
745 292.629
746 305.329
747 317.436
748 328.873
749 339.56
750 349.413
751 358.347
752 366.271
753 373.093
754 378.716
755 383.04
756 385.962
757 387.374
758 387.167
759 385.226
760 381.432
761 375.664
762 367.796
763 357.699
764 345.239
765 330.276
766 312.671
767 292.276
768 268.941
769 242.51
770 212.826
771 179.722
772 143.032
773 102.581
774 58.193
775 9.684
