x	y
475 0.00654
476 6.10457
477 12.162
478 18.1789
479 24.1552
480 30.091
481 35.9861
482 41.8407
483 47.6548
484 53.4282
485 59.1611
486 64.8534
487 70.5051
488 76.1162
489 81.6868
490 87.2168
491 92.7062
492 98.1551
493 103.563
494 108.931
495 114.258
496 119.545
497 124.791
498 129.996
499 135.161
500 140.285
501 145.369
502 150.412
503 155.415
504 160.377
505 165.298
506 170.179
507 175.019
508 179.819
509 184.578
510 189.296
511 193.974
512 198.612
513 203.208
514 207.765
515 212.28
516 216.755
517 221.19
518 225.584
519 229.937
520 234.25
521 238.522
522 242.754
523 246.945
524 251.095
525 255.205
526 259.275
527 263.304
528 267.292
529 271.239
530 275.146
531 279.013
532 282.839
533 286.624
534 290.369
535 294.073
536 297.737
537 301.36
538 304.942
539 308.484
540 311.985
541 315.446
542 318.866
543 322.246
544 325.585
545 328.883
546 332.141
547 335.359
548 338.535
549 341.671
550 344.767
551 347.822
552 350.836
553 353.81
554 356.744
555 359.636
556 362.488
557 365.3
558 368.071
559 370.801
560 373.491
561 376.14
562 378.749
563 381.317
564 383.845
565 386.332
566 388.778
567 391.184
568 393.549
569 395.874
570 398.158
571 400.402
572 402.604
573 404.767
574 406.889
575 408.97
576 411.011
577 413.011
578 414.97
579 416.889
580 418.767
581 420.605
582 422.402
583 424.159
584 425.875
585 427.551
586 429.186
587 430.78
588 432.334
589 433.847
590 435.32
591 436.752
592 438.143
593 439.494
594 440.804
595 442.074
596 443.303
597 444.492
598 445.64
599 446.747
600 447.814
601 448.841
602 449.826
603 450.771
604 451.676
605 452.54
606 453.364
607 454.146
608 454.889
609 455.59
610 456.252
611 456.872
612 457.452
613 457.992
614 458.49
615 458.949
616 459.366
617 459.744
618 460.08
619 460.376
620 460.632
621 460.846
622 461.021
623 461.154
624 461.247
625 461.3
626 461.312
627 461.283
628 461.214
629 461.104
630 460.954
631 460.763
632 460.532
633 460.26
634 459.947
635 459.594
636 459.2
637 458.766
638 458.291
639 457.775
640 457.219
641 456.623
642 455.985
643 455.308
644 454.589
645 453.83
646 453.031
647 452.191
648 451.31
649 450.389
650 449.427
651 448.425
652 447.382
653 446.298
654 445.174
655 444.01
656 442.804
657 441.559
658 440.272
659 438.945
660 437.578
661 436.17
662 434.721
663 433.232
664 431.702
665 430.131
666 428.52
667 426.869
668 425.177
669 423.444
670 421.671
671 419.857
672 418.002
673 416.107
674 414.172
675 412.196
676 410.179
677 408.122
678 406.024
679 403.885
680 401.706
681 399.487
682 397.227
683 394.926
684 392.585
685 390.203
686 387.78
687 385.317
688 382.814
689 380.269
690 377.685
691 375.059
692 372.394
693 369.687
694 366.94
695 364.152
696 361.324
697 358.455
698 355.546
699 352.596
700 349.606
701 346.575
702 343.503
703 340.391
704 337.238
705 334.045
706 330.811
707 327.536
708 324.221
709 320.865
710 317.469
711 314.032
712 310.555
713 307.037
714 303.479
715 299.88
716 296.24
717 292.56
718 288.839
719 285.077
720 281.275
721 277.433
722 273.55
723 269.626
724 265.662
725 261.657
726 257.612
727 253.526
728 249.399
729 245.232
730 241.024
731 236.776
732 232.487
733 228.158
734 223.788
735 219.377
736 214.926
737 210.434
738 205.902
739 201.329
740 196.716
741 192.062
742 187.367
743 182.632
744 177.856
745 173.04
746 168.183
747 163.286
748 158.348
749 153.369
750 148.35
751 143.29
752 138.19
753 133.049
754 127.867
755 122.645
756 117.383
757 112.08
758 106.736
759 101.351
760 95.9265
761 90.461
762 84.955
763 79.4083
764 73.8211
765 68.1934
766 62.525
767 56.8161
768 51.0666
769 45.2765
770 39.4459
771 33.5746
772 27.6628
773 21.7105
774 15.7175
775 9.684
