x	y
475 0.00654
476 -17.4935
477 -34.2472
478 -50.2674
479 -65.5666
480 -80.1573
481 -94.0519
482 -107.263
483 -119.802
484 -131.682
485 -142.914
486 -153.511
487 -163.485
488 -172.847
489 -181.609
490 -189.783
491 -197.38
492 -204.412
493 -210.89
494 -216.825
495 -222.229
496 -227.113
497 -231.487
498 -235.363
499 -238.752
500 -241.664
501 -244.111
502 -246.102
503 -247.648
504 -248.76
505 -249.448
506 -249.722
507 -249.593
508 -249.07
509 -248.164
510 -246.885
511 -245.242
512 -243.245
513 -240.904
514 -238.229
515 -235.228
516 -231.912
517 -228.289
518 -224.37
519 -220.162
520 -215.676
521 -210.92
522 -205.903
523 -200.634
524 -195.122
525 -189.375
526 -183.402
527 -177.211
528 -170.811
529 -164.21
530 -157.417
531 -150.438
532 -143.284
533 -135.961
534 -128.477
535 -120.841
536 -113.059
537 -105.14
538 -97.0911
539 -88.9196
540 -80.6331
541 -72.2388
542 -63.7439
543 -55.1555
544 -46.4807
545 -37.7264
546 -28.8995
547 -20.0068
548 -11.0549
549 -2.05044
550 7
551 16.09
552 25.2133
553 34.3634
554 43.5344
555 52.72
556 61.9143
557 71.1114
558 80.3053
559 89.4903
560 98.6609
561 107.811
562 116.936
563 126.03
564 135.087
565 144.103
566 153.072
567 161.989
568 170.849
569 179.648
570 188.38
571 197.041
572 205.625
573 214.13
574 222.549
575 230.879
576 239.115
577 247.253
578 255.29
579 263.22
580 271.04
581 278.746
582 286.335
583 293.802
584 301.143
585 308.357
586 315.438
587 322.384
588 329.191
589 335.856
590 342.376
591 348.748
592 354.969
593 361.036
594 366.947
595 372.698
596 378.287
597 383.712
598 388.97
599 394.059
600 398.976
601 403.719
602 408.287
603 412.677
604 416.887
605 420.916
606 424.762
607 428.422
608 431.896
609 435.182
610 438.279
611 441.185
612 443.899
613 446.42
614 448.746
615 450.877
616 452.813
617 454.551
618 456.092
619 457.434
620 458.578
621 459.522
622 460.267
623 460.811
624 461.156
625 461.3
626 461.244
627 460.987
628 460.53
629 459.873
630 459.017
631 457.961
632 456.706
633 455.253
634 453.602
635 451.755
636 449.711
637 447.472
638 445.038
639 442.412
640 439.593
641 436.583
642 433.384
643 429.997
644 426.423
645 422.664
646 418.722
647 414.598
648 410.295
649 405.813
650 401.155
651 396.324
652 391.321
653 386.148
654 380.809
655 375.305
656 369.639
657 363.813
658 357.83
659 351.694
660 345.406
661 338.969
662 332.388
663 325.664
664 318.802
665 311.804
666 304.673
667 297.414
668 290.029
669 282.522
670 274.898
671 267.159
672 259.31
673 251.355
674 243.297
675 235.141
676 226.891
677 218.551
678 210.126
679 201.62
680 193.038
681 184.384
682 175.664
683 166.881
684 158.041
685 149.149
686 140.209
687 131.228
688 122.21
689 113.161
690 104.085
691 94.9891
692 85.8781
693 76.7579
694 67.6341
695 58.5126
696 49.3994
697 40.3003
698 31.2216
699 22.1694
700 13.15
701 4.16967
702 -4.76512
703 -13.6479
704 -22.4719
705 -31.2307
706 -39.9173
707 -48.5249
708 -57.0466
709 -65.4753
710 -73.804
711 -82.0254
712 -90.1323
713 -98.1172
714 -105.973
715 -113.691
716 -121.266
717 -128.687
718 -135.949
719 -143.043
720 -149.961
721 -156.695
722 -163.237
723 -169.579
724 -175.712
725 -181.628
726 -187.319
727 -192.775
728 -197.989
729 -202.951
730 -207.654
731 -212.087
732 -216.241
733 -220.109
734 -223.68
735 -226.946
736 -229.897
737 -232.523
738 -234.816
739 -236.765
740 -238.361
741 -239.594
742 -240.454
743 -240.932
744 -241.017
745 -240.699
746 -239.968
747 -238.814
748 -237.227
749 -235.196
750 -232.71
751 -229.758
752 -226.332
753 -222.418
754 -218.007
755 -213.088
756 -207.649
757 -201.68
758 -195.168
759 -188.104
760 -180.475
761 -172.271
762 -163.479
763 -154.088
764 -144.086
765 -133.461
766 -122.202
767 -110.297
768 -97.7329
769 -84.4983
770 -70.5808
771 -55.9681
772 -40.6478
773 -24.6074
774 -7.83435
775 9.684
