x	y
475 0.00654
476 -383.447
477 -678.408
478 -897.651
479 -1052.58
480 -1153.33
481 -1208.9
482 -1227.23
483 -1215.31
484 -1179.27
485 -1124.43
486 -1055.41
487 -976.191
488 -890.171
489 -800.229
490 -708.778
491 -617.82
492 -528.988
493 -443.588
494 -362.642
495 -286.922
496 -216.98
497 -153.181
498 -95.726
499 -44.681
500 0.005077
501 38.479
502 70.966
503 97.7539
504 119.179
505 135.615
506 147.459
507 155.125
508 159.037
509 159.616
510 157.279
511 152.433
512 145.47
513 136.763
514 126.666
515 115.507
516 103.593
517 91.2014
518 78.5871
519 65.9768
520 53.5713
521 41.5459
522 30.0507
523 19.2117
524 9.13188
525 -0.1074
526 -8.4453
527 -15.8399
528 -22.2668
529 -27.7175
530 -32.1978
531 -35.7262
532 -38.3326
533 -40.0566
534 -40.9459
535 -41.0551
536 -40.444
537 -39.1767
538 -37.3203
539 -34.9432
540 -32.1149
541 -28.9042
542 -25.3788
543 -21.6044
544 -17.6439
545 -13.5566
546 -9.39821
547 -5.21965
548 -1.06722
549 3.01794
550 7
551 10.8486
552 14.5391
553 18.0522
554 21.3742
555 24.4971
556 27.4178
557 30.1385
558 32.6662
559 35.0126
560 37.1932
561 39.2279
562 41.1398
563 42.9553
564 44.7033
565 46.4153
566 48.1244
567 49.8652
568 51.6734
569 53.5853
570 55.6371
571 57.8651
572 60.3047
573 62.9904
574 65.955
575 69.23
576 72.8444
577 76.8252
578 81.1963
579 85.979
580 91.1915
581 96.8485
582 102.961
583 109.538
584 116.581
585 124.092
586 132.067
587 140.499
588 149.375
589 158.681
590 168.398
591 178.503
592 188.97
593 199.77
594 210.87
595 222.235
596 233.826
597 245.602
598 257.52
599 269.535
600 281.6
601 293.666
602 305.684
603 317.603
604 329.372
605 340.939
606 352.254
607 363.265
608 373.922
609 384.176
610 393.979
611 403.284
612 412.047
613 420.226
614 427.781
615 434.674
616 440.871
617 446.341
618 451.055
619 454.988
620 458.121
621 460.436
622 461.918
623 462.559
624 462.354
625 461.3
626 459.401
627 456.663
628 453.096
629 448.717
630 443.542
631 437.595
632 430.902
633 423.492
634 415.399
635 406.658
636 397.308
637 387.391
638 376.953
639 366.038
640 354.697
641 342.978
642 330.935
643 318.619
644 306.084
645 293.385
646 280.575
647 267.709
648 254.839
649 242.019
650 229.3
651 216.732
652 204.364
653 192.242
654 180.409
655 168.908
656 157.776
657 147.048
658 136.758
659 126.934
660 117.6
661 108.778
662 100.484
663 92.7316
664 85.53
665 78.8838
666 72.7935
667 67.2556
668 62.2622
669 57.8018
670 53.8587
671 50.4133
672 47.4428
673 44.9206
674 42.8172
675 41.1
676 39.7339
677 38.6816
678 37.9036
679 37.3591
680 37.0058
681 36.8009
682 36.701
683 36.6631
684 36.6443
685 36.603
686 36.4989
687 36.2937
688 35.9514
689 35.4389
690 34.7264
691 33.7876
692 32.6004
693 31.1474
694 29.4158
695 27.3982
696 25.0923
697 22.502
698 19.6367
699 16.5121
700 13.15
701 9.57826
702 5.83097
703 1.94823
704 -2.02405
705 -6.03437
706 -10.026
707 -13.9374
708 -17.7027
709 -21.2524
710 -24.5141
711 -27.413
712 -29.8731
713 -31.818
714 -33.1722
715 -33.8618
716 -33.8161
717 -32.9689
718 -31.2598
719 -28.6356
720 -25.052
721 -20.475
722 -14.8826
723 -8.26656
724 -0.633724
725 7.992
726 17.5682
727 28.0323
728 39.3
729 51.2642
730 63.7932
731 76.7299
732 89.8908
733 103.065
734 116.015
735 128.474
736 140.148
737 150.718
738 159.837
739 167.135
740 172.219
741 174.678
742 174.087
743 170.007
744 161.995
745 149.61
746 132.417
747 110
748 81.9695
749 47.9731
750 7.711
751 -39.051
752 -92.4646
753 -152.581
754 -219.33
755 -292.496
756 -371.696
757 -456.348
758 -545.642
759 -638.506
760 -733.57
761 -829.123
762 -923.07
763 -1012.88
764 -1095.55
765 -1167.53
766 -1224.65
767 -1262.09
768 -1274.29
769 -1254.85
770 -1196.48
771 -1090.91
772 -928.74
773 -699.41
774 -391.038
775 9.684
