time V1 V2 V3 I
0 0 0 0 0
0.01 0.666667 0.666667 0 0
0.02 0.933086 0.926907 4.1194e-05 0.00617911
0.03 1.01254 0.997651 0.000154184 0.0148888
0.04 1.02244 0.997994 0.0003548 0.0244429
0.05 1.01408 0.979919 0.00064938 0.0341561
0.06 1.00502 0.961226 0.00103954 0.0437951
0.07 0.99907 0.945767 0.00152495 0.053303
0.08 0.995744 0.933066 0.00210461 0.0626788
0.09 0.993904 0.921972 0.00277737 0.071932
0.1 0.992732 0.911661 0.0035421 0.0810705
0.11 0.991801 0.901702 0.00439767 0.0900987
0.12 0.990933 0.891915 0.00534298 0.0990186
0.13 0.990073 0.882242 0.00637696 0.107831
0.14 0.989211 0.872674 0.00749852 0.116536
0.15 0.988348 0.863214 0.00870661 0.125135
0.16 0.987492 0.853865 0.0100002 0.133627
0.17 0.986643 0.844631 0.0113781 0.142012
0.18 0.985804 0.835512 0.0128393 0.150292
0.19 0.984976 0.82651 0.0143829 0.158466
0.2 0.984159 0.817624 0.0160076 0.166535
0.21 0.983352 0.808853 0.0177125 0.174499
0.22 0.982555 0.800197 0.0194965 0.182358
0.23 0.981769 0.791656 0.0213586 0.190113
0.24 0.980994 0.783229 0.0232978 0.197764
0.25 0.980229 0.774917 0.0253129 0.205312
0.26 0.979474 0.766717 0.027403 0.212757
0.27 0.978729 0.758631 0.029567 0.220099
0.28 0.977995 0.750657 0.0318039 0.227339
0.29 0.977271 0.742795 0.0341127 0.234476
0.3 0.976557 0.735045 0.0364924 0.241513
0.31 0.975854 0.727406 0.038942 0.248448
0.32 0.97516 0.719878 0.0414604 0.255282
0.33 0.974477 0.71246 0.0440466 0.262017
0.34 0.973803 0.705152 0.0466997 0.268651
0.35 0.97314 0.697954 0.0494186 0.275186
0.36 0.972486 0.690864 0.0522024 0.281622
0.37 0.971843 0.683883 0.0550501 0.28796
0.38 0.971209 0.67701 0.0579606 0.294199
0.39 0.970585 0.670244 0.0609331 0.300341
0.4 0.969971 0.663585 0.0639665 0.306386
0.41 0.969366 0.657032 0.0670599 0.312334
0.42 0.968771 0.650586 0.0702122 0.318186
0.43 0.968186 0.644244 0.0734226 0.323942
0.44 0.967611 0.638008 0.0766901 0.329603
0.45 0.967044 0.631876 0.0800137 0.335169
0.46 0.966488 0.625847 0.0833925 0.34064
0.47 0.965941 0.619922 0.0868256 0.346018
0.48 0.965403 0.6141 0.090312 0.351303
0.49 0.964874 0.60838 0.0938507 0.356495
0.5 0.964355 0.602761 0.0974409 0.361594
0.51 0.963845 0.597244 0.101082 0.366601
0.52 0.963344 0.591827 0.104772 0.371518
0.53 0.962853 0.58651 0.108511 0.376343
0.54 0.96237 0.581292 0.112298 0.381078
0.55 0.961897 0.576173 0.116132 0.385724
0.56 0.961432 0.571153 0.120012 0.39028
0.57 0.960976 0.56623 0.123936 0.394747
0.58 0.96053 0.561404 0.127906 0.399126
0.59 0.960092 0.556674 0.131918 0.403417
0.6 0.959663 0.552041 0.135973 0.407622
0.61 0.959242 0.547503 0.14007 0.411739
0.62 0.95883 0.54306 0.144207 0.415771
0.63 0.958427 0.53871 0.148384 0.419717
0.64 0.958033 0.534455 0.1526 0.423578
0.65 0.957646 0.530292 0.156855 0.427354
0.66 0.957269 0.526222 0.161147 0.431047
0.67 0.956899 0.522243 0.165475 0.434657
0.68 0.956538 0.518355 0.169839 0.438183
0.69 0.956186 0.514558 0.174238 0.441627
0.7 0.955841 0.510851 0.178671 0.44499
0.71 0.955505 0.507233 0.183137 0.448272
0.72 0.955177 0.503704 0.187635 0.451473
0.73 0.954857 0.500263 0.192166 0.454594
0.74 0.954545 0.49691 0.196726 0.457635
0.75 0.95424 0.493643 0.201317 0.460598
0.76 0.953944 0.490462 0.205938 0.463482
0.77 0.953656 0.487367 0.210586 0.466289
0.78 0.953375 0.484357 0.215263 0.469018
0.79 0.953102 0.481431 0.219966 0.471671
0.8 0.952837 0.478589 0.224695 0.474248
0.81 0.952579 0.475829 0.22945 0.47675
0.82 0.952329 0.473152 0.23423 0.479176
0.83 0.952086 0.470557 0.239033 0.481529
0.84 0.951851 0.468043 0.243859 0.483807
0.85 0.951623 0.46561 0.248708 0.486013
0.86 0.951402 0.463256 0.253579 0.488146
0.87 0.951189 0.460982 0.25847 0.490207
0.88 0.950983 0.458786 0.263382 0.492197
0.89 0.950784 0.456668 0.268314 0.494116
0.9 0.950592 0.454627 0.273264 0.495965
0.91 0.950407 0.452663 0.278232 0.497744
0.92 0.950229 0.450775 0.283218 0.499454
0.93 0.950058 0.448963 0.288221 0.501095
0.94 0.949894 0.447225 0.293239 0.502669
0.95 0.949736 0.445561 0.298273 0.504176
0.96 0.949586 0.44397 0.303322 0.505615
0.97 0.949442 0.442453 0.308385 0.506989
0.98 0.949304 0.441007 0.313461 0.508297
0.99 0.949174 0.439633 0.31855 0.509541
1 0.949049 0.43833 0.323651 0.51072
1.01 0.948931 0.437096 0.328764 0.511835
1.02 0.94882 0.435933 0.333888 0.512887
1.03 0.948714 0.434838 0.339021 0.513876
1.04 0.948615 0.433812 0.344164 0.514804
1.05 0.948523 0.432853 0.349317 0.51567
1.06 0.948436 0.431961 0.354477 0.516475
1.07 0.948356 0.431135 0.359646 0.51722
1.08 0.948281 0.430375 0.364821 0.517905
1.09 0.948212 0.429681 0.370003 0.518532
1.1 0.94815 0.42905 0.375191 0.5191
1.11 0.948093 0.428483 0.380384 0.51961
1.12 0.948042 0.42798 0.385583 0.520062
1.13 0.947997 0.427539 0.390785 0.520458
1.14 0.947957 0.427159 0.395991 0.520798
1.15 0.947923 0.426841 0.401201 0.521082
1.16 0.947895 0.426583 0.406412 0.521311
1.17 0.947872 0.426386 0.411626 0.521486
1.18 0.947854 0.426247 0.416842 0.521607
1.19 0.947842 0.426167 0.422058 0.521675
1.2 0.947835 0.426145 0.427275 0.52169
1.21 0.947834 0.426181 0.432491 0.521653
1.22 0.947837 0.426273 0.437707 0.521564
1.23 0.947846 0.426422 0.442922 0.521425
1.24 0.94786 0.426625 0.448135 0.521235
1.25 0.947879 0.426884 0.453346 0.520995
1.26 0.947903 0.427197 0.458554 0.520706
1.27 0.947932 0.427563 0.46376 0.520368
1.28 0.947966 0.427983 0.468961 0.519983
1.29 0.948004 0.428455 0.474159 0.519549
1.3 0.948047 0.428978 0.479352 0.519069
1.31 0.948095 0.429553 0.48454 0.518542
1.32 0.948148 0.430178 0.489722 0.51797
1.33 0.948205 0.430853 0.494899 0.517352
1.34 0.948267 0.431577 0.500069 0.51669
1.35 0.948333 0.43235 0.505232 0.515983
1.36 0.948404 0.433171 0.510388 0.515233
1.37 0.948479 0.43404 0.515536 0.514439
1.38 0.948558 0.434955 0.520676 0.513603
1.39 0.948642 0.435917 0.525808 0.512725
1.4 0.94873 0.436924 0.53093 0.511806
1.41 0.948821 0.437976 0.536044 0.510846
1.42 0.948917 0.439072 0.541147 0.509845
1.43 0.949017 0.440213 0.54624 0.508805
1.44 0.949121 0.441396 0.551323 0.507725
1.45 0.949229 0.442623 0.556394 0.506607
1.46 0.949341 0.443891 0.561454 0.50545
1.47 0.949457 0.445201 0.566503 0.504256
1.48 0.949576 0.446552 0.571539 0.503025
1.49 0.949699 0.447943 0.576563 0.501757
1.5 0.949826 0.449373 0.581574 0.500453
1.51 0.949957 0.450843 0.586572 0.499113
1.52 0.95009 0.452352 0.591556 0.497739
1.53 0.950228 0.453898 0.596526 0.49633
1.54 0.950369 0.455482 0.601482 0.494887
1.55 0.950513 0.457103 0.606424 0.49341
1.56 0.950661 0.45876 0.61135 0.491901
1.57 0.950812 0.460453 0.616261 0.490359
1.58 0.950966 0.462181 0.621157 0.488785
1.59 0.951123 0.463943 0.626037 0.48718
1.6 0.951284 0.46574 0.6309 0.485544
1.61 0.951447 0.46757 0.635747 0.483877
1.62 0.951614 0.469433 0.640577 0.482181
1.63 0.951783 0.471329 0.64539 0.480455
1.64 0.951956 0.473256 0.650186 0.4787
1.65 0.952131 0.475215 0.654964 0.476917
1.66 0.95231 0.477204 0.659724 0.475105
1.67 0.952491 0.479224 0.664466 0.473267
1.68 0.952675 0.481274 0.669189 0.471401
1.69 0.952861 0.483352 0.673894 0.469509
1.7 0.95305 0.48546 0.678579 0.467591
1.71 0.953242 0.487595 0.683245 0.465647
1.72 0.953437 0.489758 0.687892 0.463678
1.73 0.953633 0.491949 0.692519 0.461685
1.74 0.953833 0.494165 0.697125 0.459667
1.75 0.954034 0.496408 0.701712 0.457626
1.76 0.954239 0.498677 0.706278 0.455562
1.77 0.954445 0.50097 0.710823 0.453475
1.78 0.954654 0.503289 0.715347 0.451365
1.79 0.954865 0.505631 0.71985 0.449234
1.8 0.955078 0.507997 0.724331 0.447081
1.81 0.955293 0.510385 0.728791 0.444908
1.82 0.95551 0.512797 0.733229 0.442713
1.83 0.95573 0.51523 0.737645 0.440499
1.84 0.955951 0.517685 0.742039 0.438266
1.85 0.956174 0.520162 0.74641 0.436013
1.86 0.9564 0.522659 0.750759 0.433741
1.87 0.956627 0.525176 0.755085 0.431451
1.88 0.956856 0.527712 0.759388 0.429143
1.89 0.957087 0.530268 0.763668 0.426818
1.9 0.957319 0.532843 0.767924 0.424476
1.91 0.957553 0.535436 0.772157 0.422117
1.92 0.957789 0.538047 0.776366 0.419742
1.93 0.958027 0.540676 0.780552 0.417351
1.94 0.958266 0.543321 0.784713 0.414945
1.95 0.958506 0.545983 0.788851 0.412523
1.96 0.958748 0.548661 0.792964 0.410088
1.97 0.958992 0.551354 0.797052 0.407638
1.98 0.959237 0.554063 0.801116 0.405174
1.99 0.959483 0.556786 0.805156 0.402697
2 0.959731 0.559524 0.80917 0.400207
2.01 0.95998 0.562275 0.81316 0.397705
2.02 0.96023 0.56504 0.817124 0.39519
2.03 0.960482 0.567818 0.821063 0.392663
2.04 0.960734 0.570609 0.824977 0.390125
2.05 0.960988 0.573412 0.828866 0.387576
2.06 0.961243 0.576226 0.832729 0.385017
2.07 0.961499 0.579052 0.836566 0.382447
2.08 0.961756 0.581889 0.840377 0.379867
2.09 0.962014 0.584737 0.844163 0.377277
2.1 0.962273 0.587594 0.847923 0.374679
2.11 0.962533 0.590462 0.851657 0.372071
2.12 0.962793 0.593338 0.855364 0.369455
2.13 0.963055 0.596224 0.859046 0.366831
2.14 0.963317 0.599118 0.862701 0.364199
2.15 0.96358 0.602021 0.866329 0.36156
2.16 0.963844 0.604931 0.869932 0.358913
2.17 0.964109 0.607849 0.873508 0.35626
2.18 0.964374 0.610774 0.877057 0.3536
2.19 0.96464 0.613706 0.88058 0.350935
2.2 0.964907 0.616644 0.884076 0.348263
2.21 0.965174 0.619588 0.887545 0.345586
2.22 0.965442 0.622537 0.890987 0.342904
2.23 0.96571 0.625492 0.894403 0.340218
2.24 0.965978 0.628452 0.897792 0.337526
2.25 0.966248 0.631416 0.901153 0.334831
2.26 0.966517 0.634385 0.904488 0.332132
2.27 0.966787 0.637358 0.907796 0.329429
2.28 0.967057 0.640334 0.911077 0.326724
2.29 0.967328 0.643313 0.91433 0.324015
2.3 0.967599 0.646295 0.917557 0.321303
2.31 0.96787 0.64928 0.920756 0.31859
2.32 0.968141 0.652267 0.923929 0.315874
2.33 0.968413 0.655256 0.927074 0.313157
2.34 0.968684 0.658246 0.930192 0.310438
2.35 0.968956 0.661238 0.933283 0.307718
2.36 0.969228 0.664231 0.936346 0.304998
2.37 0.9695 0.667224 0.939383 0.302276
2.38 0.969772 0.670218 0.942392 0.299555
2.39 0.970045 0.673211 0.945374 0.296833
2.4 0.970317 0.676205 0.948328 0.294112
2.41 0.970589 0.679198 0.951256 0.291391
2.42 0.970861 0.68219 0.954156 0.288671
2.43 0.971133 0.685181 0.957029 0.285952
2.44 0.971405 0.688171 0.959875 0.283234
2.45 0.971677 0.691159 0.962694 0.280518
2.46 0.971948 0.694144 0.965486 0.277804
2.47 0.97222 0.697128 0.96825 0.275091
2.48 0.972491 0.700109 0.970987 0.272381
2.49 0.972762 0.703088 0.973698 0.269674
2.5 0.973032 0.706063 0.976381 0.266969
2.51 0.973303 0.709035 0.979037 0.264268
2.52 0.973573 0.712003 0.981666 0.26157
2.53 0.973843 0.714968 0.984269 0.258875
2.54 0.974112 0.717928 0.986844 0.256184
2.55 0.974381 0.720885 0.989392 0.253497
2.56 0.97465 0.723836 0.991914 0.250814
2.57 0.974918 0.726783 0.994409 0.248136
2.58 0.975186 0.729725 0.996877 0.245462
2.59 0.975454 0.732661 0.999318 0.242793
2.6 0.97572 0.735592 1.00173 0.240129
2.61 0.975987 0.738517 1.00412 0.23747
2.62 0.976253 0.741436 1.00648 0.234817
2.63 0.976518 0.744349 1.00882 0.232169
2.64 0.976783 0.747255 1.01113 0.229528
2.65 0.977047 0.750155 1.01341 0.226892
2.66 0.97731 0.753048 1.01566 0.224263
2.67 0.977573 0.755933 1.01789 0.22164
2.68 0.977836 0.758812 1.0201 0.219024
2.69 0.978097 0.761683 1.02227 0.216415
2.7 0.978358 0.764546 1.02442 0.213812
2.71 0.978618 0.767401 1.02655 0.211217
2.72 0.978878 0.770248 1.02865 0.208629
2.73 0.979137 0.773087 1.03072 0.206049
2.74 0.979395 0.775918 1.03277 0.203477
2.75 0.979652 0.778739 1.03479 0.200912
2.76 0.979908 0.781552 1.03679 0.198356
2.77 0.980164 0.784356 1.03876 0.195808
2.78 0.980419 0.787151 1.0407 0.193268
2.79 0.980673 0.789936 1.04262 0.190737
2.8 0.980926 0.792711 1.04452 0.188215
2.81 0.981178 0.795477 1.04639 0.185701
2.82 0.981429 0.798233 1.04823 0.183196
2.83 0.98168 0.800979 1.05005 0.180701
2.84 0.981929 0.803714 1.05185 0.178215
2.85 0.982178 0.806439 1.05362 0.175739
2.86 0.982426 0.809154 1.05536 0.173272
2.87 0.982672 0.811858 1.05708 0.170815
2.88 0.982918 0.814551 1.05878 0.168367
2.89 0.983163 0.817233 1.06045 0.16593
2.9 0.983406 0.819903 1.0621 0.163503
2.91 0.983649 0.822563 1.06372 0.161086
2.92 0.983891 0.825211 1.06532 0.15868
2.93 0.984131 0.827847 1.06689 0.156284
2.94 0.984371 0.830472 1.06845 0.153899
2.95 0.98461 0.833085 1.06997 0.151525
2.96 0.984847 0.835685 1.07148 0.149162
2.97 0.985083 0.838274 1.07296 0.146809
2.98 0.985319 0.84085 1.07441 0.144468
2.99 0.985553 0.843414 1.07585 0.142138
3 0.985786 0.845966 1.07726 0.13982
3.01 0.986017 0.848505 1.07864 0.137512
3.02 0.986248 0.851031 1.08001 0.135217
3.03 0.986478 0.853545 1.08135 0.132933
3.04 0.986706 0.856045 1.08266 0.130661
3.05 0.986933 0.858533 1.08396 0.128401
3.06 0.987159 0.861007 1.08523 0.126153
3.07 0.987384 0.863468 1.08648 0.123916
3.08 0.987608 0.865915 1.08771 0.121692
3.09 0.98783 0.86835 1.08892 0.119481
3.1 0.988051 0.87077 1.0901 0.117281
3.11 0.988271 0.873177 1.09126 0.115094
3.12 0.98849 0.87557 1.0924 0.112919
3.13 0.988707 0.87795 1.09352 0.110757
3.14 0.988924 0.880315 1.09462 0.108608
3.15 0.989139 0.882667 1.09569 0.106472
3.16 0.989352 0.885005 1.09675 0.104348
3.17 0.989565 0.887328 1.09778 0.102237
3.18 0.989776 0.889637 1.09879 0.100139
3.19 0.989985 0.891932 1.09978 0.0980537
3.2 0.990194 0.894212 1.10075 0.0959817
3.21 0.990401 0.896478 1.1017 0.0939229
3.22 0.990607 0.89873 1.10263 0.0918773
3.23 0.990812 0.900967 1.10354 0.0898449
3.24 0.991015 0.903189 1.10443 0.0878259
3.25 0.991217 0.905397 1.1053 0.0858202
3.26 0.991417 0.907589 1.10615 0.0838279
3.27 0.991617 0.909767 1.10697 0.0818491
3.28 0.991814 0.911931 1.10778 0.0798838
3.29 0.992011 0.914079 1.10857 0.0779321
3.3 0.992206 0.916212 1.10934 0.075994
3.31 0.9924 0.91833 1.11009 0.0740696
3.32 0.992592 0.920434 1.11082 0.0721588
3.33 0.992783 0.922522 1.11154 0.0702618
3.34 0.992973 0.924595 1.11223 0.0683786
3.35 0.993161 0.926652 1.1129 0.0665092
3.36 0.993348 0.928695 1.11356 0.0646536
3.37 0.993534 0.930722 1.1142 0.0628119
3.38 0.993718 0.932734 1.11482 0.0609842
3.39 0.993901 0.934731 1.11542 0.0591704
3.4 0.994082 0.936712 1.116 0.0573705
3.41 0.994262 0.938678 1.11656 0.0555846
3.42 0.994441 0.940628 1.11711 0.0538128
3.43 0.994618 0.942563 1.11764 0.052055
3.44 0.994794 0.944483 1.11815 0.0503113
3.45 0.994968 0.946387 1.11865 0.0485817
3.46 0.995141 0.948275 1.11912 0.0468661
3.47 0.995313 0.950148 1.11958 0.0451647
3.48 0.995483 0.952005 1.12003 0.0434774
3.49 0.995652 0.953847 1.12045 0.0418043
3.5 0.995819 0.955674 1.12086 0.0401453
3.51 0.995985 0.957484 1.12126 0.0385005
3.52 0.996149 0.959279 1.12163 0.0368699
3.53 0.996312 0.961059 1.12199 0.0352534
3.54 0.996474 0.962823 1.12234 0.0336512
3.55 0.996634 0.964571 1.12267 0.0320631
3.56 0.996793 0.966304 1.12298 0.0304893
3.57 0.99695 0.968021 1.12328 0.0289296
3.58 0.997106 0.969722 1.12356 0.0273841
3.59 0.997261 0.971408 1.12382 0.0258529
3.6 0.997414 0.973078 1.12408 0.0243358
3.61 0.997566 0.974733 1.12431 0.0228329
3.62 0.997716 0.976372 1.12453 0.0213442
3.63 0.997865 0.977995 1.12474 0.0198697
3.64 0.998012 0.979603 1.12493 0.0184093
3.65 0.998158 0.981195 1.12511 0.0169631
3.66 0.998303 0.982772 1.12527 0.0155311
3.67 0.998446 0.984333 1.12542 0.0141132
3.68 0.998588 0.985879 1.12555 0.0127094
3.69 0.998728 0.987409 1.12567 0.0113197
3.7 0.998867 0.988923 1.12578 0.00994409
3.71 0.999005 0.990422 1.12587 0.00858257
3.72 0.999141 0.991906 1.12595 0.00723509
3.73 0.999276 0.993374 1.12602 0.00590166
3.74 0.999409 0.994827 1.12607 0.00458224
3.75 0.999541 0.996264 1.12611 0.0032768
3.76 0.999672 0.997686 1.12613 0.00198534
3.77 0.999801 0.999093 1.12615 0.000707823
3.78 0.999929 1.00048 1.12615 -0.000555777
3.79 1.00005 1.00186 1.12614 -0.00180549
3.8 1.00018 1.00322 1.12611 -0.00304133
3.81 1.0003 1.00457 1.12608 -0.00426334
3.82 1.00043 1.0059 1.12603 -0.00547154
3.83 1.00055 1.00721 1.12597 -0.00666597
3.84 1.00067 1.00851 1.12589 -0.00784666
3.85 1.00078 1.0098 1.12581 -0.00901364
3.86 1.0009 1.01107 1.12571 -0.0101669
3.87 1.00102 1.01232 1.12561 -0.0113066
3.88 1.00113 1.01356 1.12549 -0.0124327
3.89 1.00124 1.01479 1.12536 -0.0135451
3.9 1.00135 1.016 1.12522 -0.0146441
3.91 1.00146 1.01719 1.12507 -0.0157296
3.92 1.00157 1.01837 1.1249 -0.0168016
3.93 1.00168 1.01954 1.12473 -0.0178602
3.94 1.00179 1.02069 1.12455 -0.0189054
3.95 1.00189 1.02183 1.12435 -0.0199373
3.96 1.00199 1.02295 1.12415 -0.020956
3.97 1.00209 1.02406 1.12393 -0.0219613
3.98 1.0022 1.02515 1.12371 -0.0229535
3.99 1.00229 1.02623 1.12347 -0.0239326
4 1.00239 1.02729 1.12323 -0.0248985
4.01 1.00249 1.02834 1.12298 -0.0258514
4.02 1.00258 1.02938 1.12271 -0.0267913
4.03 1.00268 1.0304 1.12244 -0.0277182
4.04 1.00277 1.0314 1.12216 -0.0286322
4.05 1.00286 1.0324 1.12187 -0.0295333
4.06 1.00295 1.03337 1.12157 -0.0304217
4.07 1.00304 1.03434 1.12126 -0.0312972
4.08 1.00313 1.03529 1.12094 -0.0321601
4.09 1.00322 1.03623 1.12062 -0.0330103
4.1 1.0033 1.03715 1.12028 -0.033848
4.11 1.00338 1.03806 1.11994 -0.0346731
4.12 1.00347 1.03895 1.11959 -0.0354857
4.13 1.00355 1.03983 1.11923 -0.0362859
4.14 1.00363 1.0407 1.11886 -0.0370737
4.15 1.00371 1.04156 1.11849 -0.0378491
4.16 1.00378 1.0424 1.11811 -0.0386124
4.17 1.00386 1.04322 1.11772 -0.0393634
4.18 1.00394 1.04404 1.11732 -0.0401023
4.19 1.00401 1.04484 1.11691 -0.0408291
4.2 1.00408 1.04563 1.1165 -0.0415438
4.21 1.00415 1.0464 1.11608 -0.0422467
4.22 1.00422 1.04716 1.11566 -0.0429376
4.23 1.00429 1.04791 1.11522 -0.0436166
4.24 1.00436 1.04865 1.11479 -0.0442839
4.25 1.00443 1.04937 1.11434 -0.0449395
4.26 1.00449 1.05008 1.11389 -0.0455834
4.27 1.00456 1.05077 1.11343 -0.0462158
4.28 1.00462 1.05146 1.11296 -0.0468366
4.29 1.00468 1.05213 1.11249 -0.0474459
4.3 1.00474 1.05279 1.11201 -0.0480439
4.31 1.0048 1.05343 1.11153 -0.0486305
4.32 1.00486 1.05407 1.11104 -0.0492059
4.33 1.00492 1.05469 1.11055 -0.04977
4.34 1.00498 1.0553 1.11005 -0.0503231
4.35 1.00503 1.0559 1.10954 -0.050865
4.36 1.00509 1.05648 1.10903 -0.051396
4.37 1.00514 1.05706 1.10851 -0.0519161
4.38 1.00519 1.05762 1.10799 -0.0524252
4.39 1.00524 1.05817 1.10746 -0.0529236
4.4 1.00529 1.0587 1.10693 -0.0534113
4.41 1.00534 1.05923 1.1064 -0.0538883
4.42 1.00539 1.05974 1.10585 -0.0543547
4.43 1.00543 1.06025 1.10531 -0.0548106
4.44 1.00548 1.06074 1.10476 -0.055256
4.45 1.00553 1.06122 1.1042 -0.0556911
4.46 1.00557 1.06168 1.10364 -0.0561158
4.47 1.00561 1.06214 1.10308 -0.0565304
4.48 1.00565 1.06259 1.10251 -0.0569347
4.49 1.00569 1.06302 1.10194 -0.057329
4.5 1.00573 1.06345 1.10137 -0.0577132
4.51 1.00577 1.06386 1.10079 -0.0580875
4.52 1.00581 1.06426 1.10021 -0.0584519
4.53 1.00584 1.06465 1.09962 -0.0588065
4.54 1.00588 1.06503 1.09903 -0.0591513
4.55 1.00591 1.0654 1.09844 -0.0594865
4.56 1.00595 1.06576 1.09784 -0.0598121
4.57 1.00598 1.06611 1.09724 -0.0601282
4.58 1.00601 1.06645 1.09664 -0.0604348
4.59 1.00604 1.06678 1.09603 -0.0607321
4.6 1.00607 1.06709 1.09542 -0.06102
4.61 1.0061 1.0674 1.09481 -0.0612988
4.62 1.00613 1.0677 1.0942 -0.0615683
4.63 1.00616 1.06799 1.09358 -0.0618288
4.64 1.00618 1.06826 1.09296 -0.0620803
4.65 1.00621 1.06853 1.09234 -0.0623229
4.66 1.00623 1.06879 1.09171 -0.0625566
4.67 1.00626 1.06904 1.09109 -0.0627815
4.68 1.00628 1.06928 1.09046 -0.0629977
4.69 1.0063 1.0695 1.08983 -0.0632052
4.7 1.00632 1.06972 1.0892 -0.0634042
4.71 1.00634 1.06993 1.08856 -0.0635947
4.72 1.00636 1.07014 1.08792 -0.0637768
4.73 1.00638 1.07033 1.08728 -0.0639505
4.74 1.00639 1.07051 1.08664 -0.064116
4.75 1.00641 1.07068 1.086 -0.0642733
4.76 1.00643 1.07085 1.08536 -0.0644225
4.77 1.00644 1.07101 1.08471 -0.0645636
4.78 1.00646 1.07115 1.08407 -0.0646967
4.79 1.00647 1.07129 1.08342 -0.0648219
4.8 1.00648 1.07142 1.08277 -0.0649394
4.81 1.00649 1.07154 1.08212 -0.065049
4.82 1.0065 1.07166 1.08147 -0.065151
4.83 1.00651 1.07176 1.08082 -0.0652454
4.84 1.00652 1.07186 1.08017 -0.0653323
4.85 1.00653 1.07194 1.07951 -0.0654117
4.86 1.00654 1.07202 1.07886 -0.0654837
4.87 1.00655 1.0721 1.0782 -0.0655484
4.88 1.00655 1.07216 1.07755 -0.0656059
4.89 1.00656 1.07222 1.07689 -0.0656562
4.9 1.00657 1.07226 1.07623 -0.0656994
4.91 1.00657 1.07231 1.07558 -0.0657356
4.92 1.00657 1.07234 1.07492 -0.0657649
4.93 1.00658 1.07236 1.07426 -0.0657873
4.94 1.00658 1.07238 1.0736 -0.065803
4.95 1.00658 1.07239 1.07295 -0.0658119
4.96 1.00658 1.07239 1.07229 -0.0658141
4.97 1.00658 1.07239 1.07163 -0.0658098
4.98 1.00658 1.07238 1.07097 -0.0657989
4.99 1.00658 1.07236 1.07031 -0.0657817
5 1.00658 1.07234 1.06966 -0.065758
5.01 1.00658 1.0723 1.069 -0.0657281
5.02 1.00657 1.07226 1.06834 -0.065692
5.03 1.00657 1.07222 1.06768 -0.0656497
5.04 1.00656 1.07217 1.06703 -0.0656014
5.05 1.00656 1.07211 1.06637 -0.065547
5.06 1.00655 1.07204 1.06572 -0.0654868
5.07 1.00655 1.07197 1.06506 -0.0654206
5.08 1.00654 1.07189 1.06441 -0.0653487
5.09 1.00653 1.07181 1.06376 -0.0652711
5.1 1.00653 1.07171 1.0631 -0.0651878
5.11 1.00652 1.07162 1.06245 -0.0650989
5.12 1.00651 1.07151 1.0618 -0.0650045
5.13 1.0065 1.0714 1.06115 -0.0649047
5.14 1.00649 1.07129 1.0605 -0.0647996
5.15 1.00648 1.07117 1.05986 -0.0646891
5.16 1.00647 1.07104 1.05921 -0.0645734
5.17 1.00646 1.07091 1.05856 -0.0644525
5.18 1.00644 1.07077 1.05792 -0.0643265
5.19 1.00643 1.07063 1.05728 -0.0641956
5.2 1.00642 1.07048 1.05664 -0.0640596
5.21 1.00641 1.07032 1.056 -0.0639188
5.22 1.00639 1.07016 1.05536 -0.0637731
5.23 1.00638 1.07 1.05472 -0.0636227
5.24 1.00636 1.06983 1.05409 -0.0634676
5.25 1.00635 1.06965 1.05345 -0.0633079
5.26 1.00633 1.06947 1.05282 -0.0631437
5.27 1.00631 1.06929 1.05219 -0.0629749
5.28 1.0063 1.0691 1.05156 -0.0628017
5.29 1.00628 1.0689 1.05093 -0.0626242
5.3 1.00626 1.0687 1.05031 -0.0624424
5.31 1.00624 1.0685 1.04968 -0.0622563
5.32 1.00623 1.06829 1.04906 -0.0620661
5.33 1.00621 1.06808 1.04844 -0.0618718
5.34 1.00619 1.06786 1.04783 -0.0616735
5.35 1.00617 1.06764 1.04721 -0.0614712
5.36 1.00615 1.06741 1.0466 -0.061265
5.37 1.00613 1.06718 1.04598 -0.061055
5.38 1.00611 1.06695 1.04538 -0.0608411
5.39 1.00608 1.06671 1.04477 -0.0606236
5.4 1.00606 1.06646 1.04416 -0.0604024
5.41 1.00604 1.06622 1.04356 -0.0601776
5.42 1.00602 1.06597 1.04296 -0.0599493
5.43 1.00599 1.06571 1.04236 -0.0597175
5.44 1.00597 1.06545 1.04176 -0.0594823
5.45 1.00595 1.06519 1.04117 -0.0592438
5.46 1.00592 1.06493 1.04058 -0.059002
5.47 1.0059 1.06466 1.03999 -0.0587569
5.48 1.00588 1.06438 1.03941 -0.0585087
5.49 1.00585 1.06411 1.03882 -0.0582574
5.5 1.00583 1.06383 1.03824 -0.0580031
5.51 1.0058 1.06355 1.03766 -0.0577457
5.52 1.00577 1.06326 1.03708 -0.0574854
5.53 1.00575 1.06297 1.03651 -0.0572223
5.54 1.00572 1.06268 1.03594 -0.0569563
5.55 1.0057 1.06238 1.03537 -0.0566876
5.56 1.00567 1.06208 1.03481 -0.0564161
5.57 1.00564 1.06178 1.03424 -0.0561421
5.58 1.00561 1.06148 1.03368 -0.0558654
5.59 1.00559 1.06117 1.03313 -0.0555862
5.6 1.00556 1.06086 1.03257 -0.0553045
5.61 1.00553 1.06055 1.03202 -0.0550205
5.62 1.0055 1.06024 1.03147 -0.054734
5.63 1.00547 1.05992 1.03093 -0.0544452
5.64 1.00544 1.0596 1.03038 -0.0541542
5.65 1.00542 1.05928 1.02984 -0.053861
5.66 1.00539 1.05895 1.02931 -0.0535656
5.67 1.00536 1.05862 1.02877 -0.0532681
5.68 1.00533 1.0583 1.02824 -0.0529686
5.69 1.0053 1.05796 1.02771 -0.0526671
5.7 1.00527 1.05763 1.02719 -0.0523636
5.71 1.00524 1.05729 1.02667 -0.0520583
5.72 1.00521 1.05696 1.02615 -0.0517511
5.73 1.00518 1.05662 1.02563 -0.0514421
5.74 1.00514 1.05628 1.02512 -0.0511314
5.75 1.00511 1.05593 1.02461 -0.050819
5.76 1.00508 1.05559 1.0241 -0.0505049
5.77 1.00505 1.05524 1.0236 -0.0501893
5.78 1.00502 1.05489 1.0231 -0.0498721
5.79 1.00499 1.05454 1.0226 -0.0495535
5.8 1.00496 1.05419 1.02211 -0.0492334
5.81 1.00492 1.05384 1.02162 -0.0489119
5.82 1.00489 1.05348 1.02113 -0.048589
5.83 1.00486 1.05312 1.02064 -0.0482649
5.84 1.00483 1.05277 1.02016 -0.0479395
5.85 1.00479 1.05241 1.01968 -0.0476129
5.86 1.00476 1.05205 1.01921 -0.0472851
5.87 1.00473 1.05168 1.01874 -0.0469562
5.88 1.0047 1.05132 1.01827 -0.0466262
5.89 1.00466 1.05096 1.01781 -0.0462952
5.9 1.00463 1.05059 1.01735 -0.0459632
5.91 1.0046 1.05023 1.01689 -0.0456303
5.92 1.00456 1.04986 1.01643 -0.0452965
5.93 1.00453 1.04949 1.01598 -0.0449618
5.94 1.0045 1.04912 1.01553 -0.0446263
5.95 1.00446 1.04875 1.01509 -0.0442901
5.96 1.00443 1.04838 1.01465 -0.0439531
5.97 1.0044 1.04801 1.01421 -0.0436154
5.98 1.00436 1.04764 1.01378 -0.0432771
5.99 1.00433 1.04727 1.01334 -0.0429382
6 1.00429 1.04689 1.01292 -0.0425987
6.01 1.00426 1.04652 1.01249 -0.0422587
6.02 1.00423 1.04614 1.01207 -0.0419182
6.03 1.00419 1.04577 1.01165 -0.0415773
6.04 1.00416 1.04539 1.01124 -0.041236
6.05 1.00412 1.04502 1.01083 -0.0408943
6.06 1.00409 1.04464 1.01042 -0.0405522
6.07 1.00406 1.04427 1.01002 -0.0402099
6.08 1.00402 1.04389 1.00962 -0.0398673
6.09 1.00399 1.04351 1.00922 -0.0395246
6.1 1.00395 1.04313 1.00883 -0.0391816
6.11 1.00392 1.04276 1.00844 -0.0388385
6.12 1.00388 1.04238 1.00805 -0.0384952
6.13 1.00385 1.042 1.00767 -0.0381519
6.14 1.00382 1.04162 1.00729 -0.0378086
6.15 1.00378 1.04125 1.00691 -0.0374652
6.16 1.00375 1.04087 1.00654 -0.0371219
6.17 1.00371 1.04049 1.00617 -0.0367787
6.18 1.00368 1.04011 1.0058 -0.0364355
6.19 1.00364 1.03974 1.00544 -0.0360925
6.2 1.00361 1.03936 1.00508 -0.0357496
6.21 1.00357 1.03898 1.00473 -0.0354069
6.22 1.00354 1.03861 1.00437 -0.0350645
6.23 1.00351 1.03823 1.00402 -0.0347223
6.24 1.00347 1.03785 1.00368 -0.0343804
6.25 1.00344 1.03748 1.00334 -0.0340389
6.26 1.0034 1.0371 1.003 -0.0336977
6.27 1.00337 1.03673 1.00266 -0.0333568
6.28 1.00334 1.03635 1.00233 -0.0330164
6.29 1.0033 1.03598 1.002 -0.0326764
6.3 1.00327 1.0356 1.00168 -0.0323369
6.31 1.00323 1.03523 1.00136 -0.0319979
6.32 1.0032 1.03486 1.00104 -0.0316594
6.33 1.00317 1.03449 1.00072 -0.0313215
6.34 1.00313 1.03412 1.00041 -0.0309841
6.35 1.0031 1.03375 1.0001 -0.0306474
6.36 1.00306 1.03338 0.999797 -0.0303113
6.37 1.00303 1.03301 0.999496 -0.0299758
6.38 1.003 1.03264 0.999198 -0.0296411
6.39 1.00296 1.03227 0.998903 -0.029307
6.4 1.00293 1.0319 0.998612 -0.0289737
6.41 1.0029 1.03154 0.998324 -0.0286412
6.42 1.00286 1.03117 0.998039 -0.0283095
6.43 1.00283 1.03081 0.997757 -0.0279785
6.44 1.0028 1.03045 0.997479 -0.0276484
6.45 1.00276 1.03008 0.997204 -0.0273192
6.46 1.00273 1.02972 0.996933 -0.0269909
6.47 1.0027 1.02936 0.996665 -0.0266634
6.48 1.00267 1.029 0.9964 -0.0263369
6.49 1.00263 1.02865 0.996138 -0.0260114
6.5 1.0026 1.02829 0.995879 -0.0256868
6.51 1.00257 1.02793 0.995624 -0.0253632
6.52 1.00254 1.02758 0.995372 -0.0250407
6.53 1.0025 1.02722 0.995123 -0.0247192
6.54 1.00247 1.02687 0.994878 -0.0243987
6.55 1.00244 1.02652 0.994635 -0.0240793
6.56 1.00241 1.02617 0.994396 -0.023761
6.57 1.00238 1.02582 0.99416 -0.0234439
6.58 1.00234 1.02547 0.993927 -0.0231279
6.59 1.00231 1.02513 0.993698 -0.022813
6.6 1.00228 1.02478 0.993471 -0.0224993
6.61 1.00225 1.02444 0.993248 -0.0221868
6.62 1.00222 1.02409 0.993027 -0.0218756
6.63 1.00219 1.02375 0.99281 -0.0215655
6.64 1.00216 1.02341 0.992596 -0.0212567
6.65 1.00213 1.02307 0.992385 -0.0209492
6.66 1.00209 1.02274 0.992177 -0.0206429
6.67 1.00206 1.0224 0.991972 -0.020338
6.68 1.00203 1.02207 0.99177 -0.0200343
6.69 1.002 1.02174 0.991571 -0.019732
6.7 1.00197 1.0214 0.991375 -0.0194311
6.71 1.00194 1.02107 0.991183 -0.0191315
6.72 1.00191 1.02075 0.990993 -0.0188332
6.73 1.00188 1.02042 0.990806 -0.0185364
6.74 1.00185 1.02009 0.990622 -0.018241
6.75 1.00182 1.01977 0.990441 -0.017947
6.76 1.00179 1.01945 0.990263 -0.0176544
6.77 1.00177 1.01913 0.990088 -0.0173633
6.78 1.00174 1.01881 0.989916 -0.0170736
6.79 1.00171 1.01849 0.989747 -0.0167854
6.8 1.00168 1.01818 0.98958 -0.0164987
6.81 1.00165 1.01786 0.989417 -0.0162135
6.82 1.00162 1.01755 0.989256 -0.0159298
6.83 1.00159 1.01724 0.989098 -0.0156476
6.84 1.00156 1.01693 0.988943 -0.0153669
6.85 1.00154 1.01662 0.988791 -0.0150878
6.86 1.00151 1.01632 0.988641 -0.0148102
6.87 1.00148 1.01602 0.988494 -0.0145343
6.88 1.00145 1.01571 0.98835 -0.0142598
6.89 1.00143 1.01541 0.988209 -0.013987
6.9 1.0014 1.01511 0.988071 -0.0137158
6.91 1.00137 1.01482 0.987935 -0.0134461
6.92 1.00134 1.01452 0.987802 -0.0131781
6.93 1.00132 1.01423 0.987671 -0.0129117
6.94 1.00129 1.01394 0.987543 -0.012647
6.95 1.00126 1.01365 0.987418 -0.0123838
6.96 1.00124 1.01336 0.987296 -0.0121224
6.97 1.00121 1.01307 0.987176 -0.0118625
6.98 1.00119 1.01279 0.987059 -0.0116044
6.99 1.00116 1.01251 0.986944 -0.0113479
7 1.00113 1.01223 0.986832 -0.0110931
7.01 1.00111 1.01195 0.986722 -0.01084
7.02 1.00108 1.01167 0.986615 -0.0105886
7.03 1.00106 1.0114 0.98651 -0.0103388
7.04 1.00103 1.01112 0.986408 -0.0100908
7.05 1.00101 1.01085 0.986308 -0.00984451
7.06 1.00098 1.01058 0.986211 -0.00959991
7.07 1.00096 1.01032 0.986116 -0.00935704
7.08 1.00094 1.01005 0.986024 -0.0091159
7.09 1.00091 1.00979 0.985934 -0.00887649
7.1 1.00089 1.00953 0.985846 -0.00863882
7.11 1.00086 1.00927 0.985761 -0.00840289
7.12 1.00084 1.00901 0.985678 -0.00816871
7.13 1.00082 1.00875 0.985598 -0.00793628
7.14 1.00079 1.0085 0.98552 -0.0077056
7.15 1.00077 1.00825 0.985444 -0.00747669
7.16 1.00075 1.008 0.98537 -0.00724953
7.17 1.00073 1.00775 0.985299 -0.00702414
7.18 1.0007 1.0075 0.985229 -0.00680052
7.19 1.00068 1.00726 0.985163 -0.00657868
7.2 1.00066 1.00702 0.985098 -0.0063586
7.21 1.00064 1.00678 0.985035 -0.0061403
7.22 1.00061 1.00654 0.984975 -0.00592379
7.23 1.00059 1.0063 0.984917 -0.00570905
7.24 1.00057 1.00607 0.984861 -0.0054961
7.25 1.00055 1.00583 0.984807 -0.00528493
7.26 1.00053 1.0056 0.984755 -0.00507554
7.27 1.00051 1.00538 0.984705 -0.00486795
7.28 1.00049 1.00515 0.984658 -0.00466214
7.29 1.00047 1.00492 0.984612 -0.00445812
7.3 1.00045 1.0047 0.984569 -0.0042559
7.31 1.00043 1.00448 0.984527 -0.00405546
7.32 1.00041 1.00426 0.984487 -0.00385681
7.33 1.00039 1.00405 0.98445 -0.00365996
7.34 1.00037 1.00383 0.984414 -0.0034649
7.35 1.00035 1.00362 0.984381 -0.00327162
7.36 1.00033 1.00341 0.984349 -0.00308014
7.37 1.00031 1.0032 0.984319 -0.00289045
7.38 1.00029 1.00299 0.984291 -0.00270255
7.39 1.00027 1.00279 0.984265 -0.00251643
7.4 1.00025 1.00258 0.984241 -0.00233211
7.41 1.00023 1.00238 0.984218 -0.00214957
7.42 1.00022 1.00218 0.984198 -0.00196881
7.43 1.0002 1.00199 0.984179 -0.00178984
7.44 1.00018 1.00179 0.984162 -0.00161265
7.45 1.00016 1.0016 0.984147 -0.00143724
7.46 1.00014 1.00141 0.984133 -0.00126361
7.47 1.00013 1.00122 0.984121 -0.00109175
7.48 1.00011 1.00103 0.984111 -0.000921666
7.49 1.00009 1.00085 0.984103 -0.000753353
7.5 1.00008 1.00066 0.984096 -0.000586807
7.51 1.00006 1.00048 0.984091 -0.000422027
7.52 1.00004 1.0003 0.984088 -0.000259009
7.53 1.00003 1.00012 0.984086 -9.77501e-05
7.54 1.00001 0.999948 0.984086 6.17526e-05
7.55 0.999994 0.999774 0.984087 0.000219503
7.56 0.999978 0.999603 0.98409 0.000375503
7.57 0.999963 0.999433 0.984095 0.000529759
7.58 0.999947 0.999265 0.984101 0.000682272
7.59 0.999932 0.999099 0.984108 0.000833047
7.6 0.999917 0.998935 0.984117 0.000982089
7.61 0.999902 0.998772 0.984128 0.0011294
7.62 0.999887 0.998612 0.98414 0.00127499
7.63 0.999873 0.998454 0.984153 0.00141885
7.64 0.999858 0.998297 0.984168 0.001561
7.65 0.999844 0.998143 0.984184 0.00170144
7.66 0.99983 0.99799 0.984202 0.00184017
7.67 0.999816 0.997839 0.984221 0.00197719
7.68 0.999802 0.99769 0.984242 0.00211252
7.69 0.999789 0.997543 0.984263 0.00224616
7.7 0.999775 0.997397 0.984287 0.00237811
7.71 0.999762 0.997254 0.984311 0.00250838
7.72 0.999749 0.997112 0.984337 0.00263697
7.73 0.999736 0.996972 0.984364 0.0027639
7.74 0.999724 0.996835 0.984392 0.00288916
7.75 0.999711 0.996698 0.984422 0.00301275
7.76 0.999699 0.996564 0.984452 0.0031347
7.77 0.999687 0.996432 0.984484 0.003255
7.78 0.999675 0.996301 0.984517 0.00337365
7.79 0.999663 0.996172 0.984552 0.00349067
7.8 0.999651 0.996045 0.984587 0.00360607
7.81 0.999639 0.99592 0.984624 0.00371984
7.82 0.999628 0.995796 0.984662 0.00383199
7.83 0.999617 0.995674 0.9847 0.00394253
7.84 0.999606 0.995554 0.98474 0.00405148
7.85 0.999595 0.995436 0.984781 0.00415882
7.86 0.999584 0.99532 0.984824 0.00426458
7.87 0.999574 0.995205 0.984867 0.00436875
7.88 0.999563 0.995092 0.984911 0.00447135
7.89 0.999553 0.994981 0.984956 0.00457238
7.9 0.999543 0.994871 0.985002 0.00467184
7.91 0.999533 0.994763 0.98505 0.00476976
7.92 0.999523 0.994657 0.985098 0.00486612
7.93 0.999513 0.994553 0.985147 0.00496095
7.94 0.999504 0.99445 0.985197 0.00505424
7.95 0.999495 0.994349 0.985248 0.00514601
7.96 0.999485 0.994249 0.9853 0.00523627
7.97 0.999476 0.994151 0.985353 0.00532501
7.98 0.999468 0.994055 0.985406 0.00541225
7.99 0.999459 0.993961 0.985461 0.005498
8 0.99945 0.993868 0.985516 0.00558226
8.01 0.999442 0.993777 0.985572 0.00566504
8.02 0.999434 0.993687 0.98563 0.00574635
8.03 0.999425 0.993599 0.985687 0.0058262
8.04 0.999417 0.993513 0.985746 0.0059046
8.05 0.99941 0.993428 0.985805 0.00598155
8.06 0.999402 0.993345 0.985866 0.00605706
8.07 0.999394 0.993263 0.985927 0.00613114
8.08 0.999387 0.993183 0.985988 0.0062038
8.09 0.99938 0.993105 0.986051 0.00627505
8.1 0.999373 0.993028 0.986114 0.00634489
8.11 0.999366 0.992952 0.986178 0.00641334
8.12 0.999359 0.992878 0.986242 0.00648039
8.13 0.999352 0.992806 0.986307 0.00654607
8.14 0.999345 0.992735 0.986373 0.00661038
8.15 0.999339 0.992666 0.986439 0.00667332
8.16 0.999333 0.992598 0.986506 0.00673491
8.17 0.999327 0.992531 0.986574 0.00679516
8.18 0.999321 0.992466 0.986642 0.00685407
8.19 0.999315 0.992403 0.986711 0.00691165
8.2 0.999309 0.992341 0.98678 0.00696792
8.21 0.999303 0.99228 0.98685 0.00702287
8.22 0.999298 0.992221 0.986921 0.00707653
8.23 0.999292 0.992164 0.986992 0.00712889
8.24 0.999287 0.992107 0.987063 0.00717997
8.25 0.999282 0.992052 0.987136 0.00722977
8.26 0.999277 0.991999 0.987208 0.00727831
8.27 0.999272 0.991947 0.987281 0.0073256
8.28 0.999268 0.991896 0.987355 0.00737163
8.29 0.999263 0.991846 0.987428 0.00741643
8.3 0.999258 0.991798 0.987503 0.00746
8.31 0.999254 0.991752 0.987578 0.00750235
8.32 0.99925 0.991706 0.987653 0.00754349
8.33 0.999246 0.991662 0.987729 0.00758343
8.34 0.999242 0.99162 0.987805 0.00762218
8.35 0.999238 0.991578 0.987881 0.00765974
8.36 0.999234 0.991538 0.987958 0.00769613
8.37 0.99923 0.991499 0.988035 0.00773135
8.38 0.999227 0.991462 0.988112 0.00776542
8.39 0.999224 0.991425 0.98819 0.00779834
8.4 0.99922 0.99139 0.988268 0.00783013
8.41 0.999217 0.991356 0.988347 0.00786079
8.42 0.999214 0.991324 0.988426 0.00789033
8.43 0.999211 0.991292 0.988505 0.00791876
8.44 0.999208 0.991262 0.988584 0.00794609
8.45 0.999205 0.991233 0.988663 0.00797233
8.46 0.999203 0.991205 0.988743 0.00799749
8.47 0.9992 0.991179 0.988823 0.00802158
8.48 0.999198 0.991153 0.988904 0.00804461
8.49 0.999196 0.991129 0.988984 0.00806658
8.5 0.999193 0.991106 0.989065 0.00808751
8.51 0.999191 0.991084 0.989146 0.00810741
8.52 0.999189 0.991063 0.989227 0.00812628
8.53 0.999187 0.991043 0.989309 0.00814414
8.54 0.999186 0.991025 0.98939 0.00816098
8.55 0.999184 0.991007 0.989472 0.00817684
8.56 0.999182 0.990991 0.989554 0.0081917
8.57 0.999181 0.990975 0.989636 0.00820559
8.58 0.999179 0.990961 0.989718 0.0082185
8.59 0.999178 0.990948 0.9898 0.00823046
8.6 0.999177 0.990936 0.989882 0.00824147
8.61 0.999176 0.990924 0.989965 0.00825154
8.62 0.999175 0.990914 0.990047 0.00826067
8.63 0.999174 0.990905 0.99013 0.00826888
8.64 0.999173 0.990897 0.990213 0.00827618
8.65 0.999172 0.99089 0.990295 0.00828258
8.66 0.999172 0.990884 0.990378 0.00828808
8.67 0.999171 0.990879 0.990461 0.0082927
8.68 0.999171 0.990874 0.990544 0.00829643
8.69 0.99917 0.990871 0.990627 0.00829931
8.7 0.99917 0.990869 0.99071 0.00830132
8.71 0.99917 0.990867 0.990793 0.00830249
8.72 0.99917 0.990867 0.990876 0.00830282
8.73 0.99917 0.990867 0.990959 0.00830231
8.74 0.99917 0.990869 0.991042 0.00830099
8.75 0.99917 0.990871 0.991125 0.00829885
8.76 0.99917 0.990874 0.991208 0.00829592
8.77 0.99917 0.990878 0.991291 0.00829218
8.78 0.999171 0.990883 0.991374 0.00828767
8.79 0.999171 0.990889 0.991457 0.00828238
8.8 0.999172 0.990895 0.99154 0.00827632
8.81 0.999172 0.990903 0.991622 0.0082695
8.82 0.999173 0.990911 0.991705 0.00826194
8.83 0.999174 0.99092 0.991788 0.00825363
8.84 0.999175 0.99093 0.99187 0.0082446
8.85 0.999176 0.990941 0.991953 0.00823484
8.86 0.999177 0.990952 0.992035 0.00822437
8.87 0.999178 0.990964 0.992117 0.0082132
8.88 0.999179 0.990977 0.992199 0.00820133
8.89 0.99918 0.990991 0.992281 0.00818877
8.9 0.999181 0.991006 0.992363 0.00817554
8.91 0.999182 0.991021 0.992445 0.00816164
8.92 0.999184 0.991037 0.992526 0.00814707
8.93 0.999185 0.991053 0.992607 0.00813186
8.94 0.999187 0.991071 0.992689 0.008116
8.95 0.999188 0.991089 0.99277 0.00809951
8.96 0.99919 0.991108 0.992851 0.00808239
8.97 0.999192 0.991127 0.992931 0.00806466
8.98 0.999194 0.991147 0.993012 0.00804632
8.99 0.999195 0.991168 0.993092 0.00802737
9 0.999197 0.991189 0.993173 0.00800784
9.01 0.999199 0.991212 0.993252 0.00798772
9.02 0.999201 0.991234 0.993332 0.00796703
9.03 0.999203 0.991258 0.993412 0.00794577
9.04 0.999205 0.991282 0.993491 0.00792395
9.05 0.999208 0.991306 0.99357 0.00790158
9.06 0.99921 0.991331 0.993649 0.00787867
9.07 0.999212 0.991357 0.993728 0.00785523
9.08 0.999215 0.991383 0.993806 0.00783126
9.09 0.999217 0.99141 0.993884 0.00780678
9.1 0.999219 0.991438 0.993962 0.00778178
9.11 0.999222 0.991466 0.99404 0.00775629
9.12 0.999224 0.991494 0.994118 0.0077303
9.13 0.999227 0.991523 0.994195 0.00770383
9.14 0.99923 0.991553 0.994272 0.00767688
9.15 0.999232 0.991583 0.994348 0.00764946
9.16 0.999235 0.991613 0.994425 0.00762158
9.17 0.999238 0.991645 0.994501 0.00759324
9.18 0.999241 0.991676 0.994576 0.00756446
9.19 0.999244 0.991708 0.994652 0.00753525
9.2 0.999246 0.991741 0.994727 0.0075056
9.21 0.999249 0.991774 0.994802 0.00747553
9.22 0.999252 0.991807 0.994877 0.00744504
9.23 0.999256 0.991841 0.994951 0.00741415
9.24 0.999259 0.991876 0.995025 0.00738286
9.25 0.999262 0.991911 0.995099 0.00735118
9.26 0.999265 0.991946 0.995172 0.00731911
9.27 0.999268 0.991981 0.995245 0.00728666
9.28 0.999271 0.992018 0.995318 0.00725384
9.29 0.999275 0.992054 0.99539 0.00722066
9.3 0.999278 0.992091 0.995462 0.00718713
9.31 0.999281 0.992128 0.995534 0.00715324
9.32 0.999285 0.992166 0.995605 0.00711902
9.33 0.999288 0.992204 0.995676 0.00708446
9.34 0.999292 0.992242 0.995747 0.00704958
9.35 0.999295 0.992281 0.995817 0.00701437
9.36 0.999299 0.99232 0.995887 0.00697885
9.37 0.999302 0.992359 0.995957 0.00694303
9.38 0.999306 0.992399 0.996026 0.00690691
9.39 0.999309 0.992439 0.996095 0.00687049
9.4 0.999313 0.992479 0.996163 0.00683379
9.41 0.999317 0.99252 0.996232 0.00679682
9.42 0.99932 0.992561 0.996299 0.00675957
9.43 0.999324 0.992602 0.996367 0.00672205
9.44 0.999328 0.992644 0.996434 0.00668428
9.45 0.999332 0.992685 0.9965 0.00664625
9.46 0.999335 0.992727 0.996567 0.00660798
9.47 0.999339 0.99277 0.996633 0.00656947
9.48 0.999343 0.992812 0.996698 0.00653073
9.49 0.999347 0.992855 0.996763 0.00649176
9.5 0.999351 0.992898 0.996828 0.00645258
9.51 0.999355 0.992942 0.996892 0.00641318
9.52 0.999359 0.992985 0.996956 0.00637357
9.53 0.999363 0.993029 0.99702 0.00633376
9.54 0.999367 0.993073 0.997083 0.00629376
9.55 0.999371 0.993117 0.997146 0.00625357
9.56 0.999375 0.993161 0.997208 0.0062132
9.57 0.999379 0.993206 0.99727 0.00617265
9.58 0.999383 0.993251 0.997331 0.00613193
9.59 0.999387 0.993296 0.997392 0.00609104
9.6 0.999391 0.993341 0.997453 0.00605
9.61 0.999395 0.993386 0.997513 0.0060088
9.62 0.999399 0.993432 0.997573 0.00596746
9.63 0.999403 0.993477 0.997633 0.00592597
9.64 0.999407 0.993523 0.997692 0.00588435
9.65 0.999412 0.993569 0.997751 0.0058426
9.66 0.999416 0.993615 0.997809 0.00580073
9.67 0.99942 0.993661 0.997867 0.00575873
9.68 0.999424 0.993708 0.997924 0.00571662
9.69 0.999428 0.993754 0.997981 0.00567441
9.7 0.999433 0.9938 0.998037 0.00563209
9.71 0.999437 0.993847 0.998094 0.00558968
9.72 0.999441 0.993894 0.998149 0.00554717
9.73 0.999445 0.993941 0.998204 0.00550458
9.74 0.99945 0.993988 0.998259 0.0054619
9.75 0.999454 0.994035 0.998314 0.00541915
9.76 0.999458 0.994082 0.998368 0.00537632
9.77 0.999462 0.994129 0.998421 0.00533343
9.78 0.999467 0.994176 0.998474 0.00529048
9.79 0.999471 0.994223 0.998527 0.00524748
9.8 0.999475 0.994271 0.998579 0.00520442
9.81 0.99948 0.994318 0.998631 0.00516131
9.82 0.999484 0.994366 0.998683 0.00511817
9.83 0.999488 0.994413 0.998733 0.00507498
9.84 0.999493 0.994461 0.998784 0.00503176
9.85 0.999497 0.994508 0.998834 0.00498852
9.86 0.999501 0.994556 0.998884 0.00494525
9.87 0.999505 0.994604 0.998933 0.00490197
9.88 0.99951 0.994651 0.998982 0.00485867
9.89 0.999514 0.994699 0.99903 0.00481536
9.9 0.999518 0.994746 0.999078 0.00477204
9.91 0.999523 0.994794 0.999126 0.00472873
9.92 0.999527 0.994842 0.999173 0.00468542
9.93 0.999531 0.994889 0.999219 0.00464211
9.94 0.999536 0.994937 0.999266 0.00459882
9.95 0.99954 0.994985 0.999311 0.00455555
9.96 0.999544 0.995032 0.999357 0.00451229
9.97 0.999549 0.99508 0.999402 0.00446906
9.98 0.999553 0.995127 0.999446 0.00442586
9.99 0.999557 0.995175 0.99949 0.00438269
10 0.999562 0.995222 0.999534 0.00433955
