x	y
475 0.00654
476 0.0116501
477 0.0152215
478 0.0171949
479 0.0175112
480 0.0161112
481 0.0129357
482 0.00792557
483 0.00102157
484 -0.00783546
485 -0.0187047
486 -0.0316454
487 -0.0467166
488 -0.0639776
489 -0.0834875
490 -0.105306
491 -0.129491
492 -0.156103
493 -0.1852
494 -0.216843
495 -0.251089
496 -0.287999
497 -0.327631
498 -0.370045
499 -0.415299
500 0.005077
501 -0.00452722
502 -0.00902561
503 -0.00816488
504 -0.00169174
505 0.0106471
506 0.0291049
507 0.0539349
508 0.0853905
509 0.123725
510 0.169192
511 0.222043
512 0.282534
513 0.350917
514 0.427444
515 0.512371
516 0.605949
517 0.708432
518 0.820074
519 0.941127
520 1.07185
521 1.21248
522 1.36329
523 1.52452
524 1.69643
525 -0.1074
526 -0.0414449
527 0.0777515
528 0.25205
529 0.483313
530 0.7734
531 1.12417
532 1.53749
533 2.01522
534 2.55922
535 3.17134
536 3.85346
537 4.60743
538 5.43511
539 6.33837
540 7.31907
541 8.37906
542 9.52021
543 10.7444
544 12.0534
545 13.4492
546 14.9336
547 16.5085
548 18.1756
549 19.937
550 7
551 7.96413
552 9.25776
553 10.8916
554 12.8763
555 15.2226
556 17.9412
557 21.0428
558 24.5381
559 28.4377
560 32.7524
561 37.4929
562 42.6699
563 48.294
564 54.376
565 60.9266
566 67.9564
567 75.4762
568 83.4966
569 92.0284
570 101.082
571 110.669
572 120.799
573 131.483
574 142.732
575 69.23
576 74.7714
577 80.4194
578 86.1658
579 92.0024
580 97.9212
581 103.914
582 109.972
583 116.088
584 122.254
585 128.461
586 134.701
587 140.966
588 147.247
589 153.538
590 159.829
591 166.112
592 172.379
593 178.622
594 184.834
595 191.004
596 197.127
597 203.192
598 209.193
599 215.121
600 281.6
601 291.682
602 300.624
603 308.379
604 314.897
605 320.131
606 324.032
607 326.552
608 327.643
609 327.257
610 325.345
611 321.859
612 316.75
613 309.972
614 301.475
615 291.211
616 279.132
617 265.189
618 249.335
619 231.521
620 211.699
621 189.82
622 165.837
623 139.701
624 111.363
625 461.3
626 459.715
627 458.485
628 457.665
629 457.31
630 457.476
631 458.219
632 459.594
633 461.657
634 464.463
635 468.069
636 472.529
637 477.899
638 484.236
639 491.594
640 500.029
641 509.597
642 520.353
643 532.353
644 545.652
645 560.307
646 576.372
647 593.904
648 612.958
649 633.589
650 229.3
651 218.272
652 207.563
653 197.172
654 187.101
655 177.35
656 167.919
657 158.811
658 150.025
659 141.563
660 133.424
661 125.61
662 118.121
663 110.959
664 104.124
665 97.6159
666 91.4366
667 85.5865
668 80.0663
669 74.8768
670 70.0187
671 65.4927
672 61.2997
673 57.4403
674 53.9152
675 41.1
676 37.5442
677 33.9452
678 30.2892
679 26.5622
680 22.7504
681 18.84
682 14.8171
683 10.6678
684 6.37825
685 1.93459
686 -2.67704
687 -7.47051
688 -12.4597
689 -17.6584
690 -23.0806
691 -28.74
692 -34.6506
693 -40.8263
694 -47.2808
695 -54.028
696 -61.0819
697 -68.4563
698 -76.165
699 -84.2219
700 13.15
701 13.1126
702 13.0961
703 13.1022
704 13.133
705 13.1904
706 13.2762
707 13.3926
708 13.5412
709 13.7242
710 13.9433
711 14.2006
712 14.498
713 14.8374
714 15.2207
715 15.6499
716 16.1268
717 16.6535
718 17.2318
719 17.8636
720 18.551
721 19.2958
722 20.0999
723 20.9653
724 21.8939
725 7.992
726 7.8273
727 7.66256
728 7.49706
729 7.33008
730 7.16088
731 6.98874
732 6.81293
733 6.63273
734 6.44741
735 6.25623
736 6.05849
737 5.85344
738 5.64037
739 5.41853
740 5.18722
741 4.9457
742 4.69324
743 4.42912
744 4.1526
745 3.86298
746 3.5595
747 3.24146
748 2.90812
749 2.55876
750 7.711
751 7.78437
752 7.85771
753 7.93099
754 8.00419
755 8.07728
756 8.15023
757 8.22302
758 8.29561
759 8.36798
760 8.4401
761 8.51194
762 8.58348
763 8.65468
764 8.72552
765 8.79598
766 8.86602
767 8.93561
768 9.00474
769 9.07336
770 9.14146
771 9.209
772 9.27596
773 9.34231
774 9.40802
775 9.684
