x	y
475 0.00654
476 0.0575135
477 0.0719285
478 0.0475
479 -0.0180569
480 -0.127027
481 -0.281695
482 -0.484347
483 -0.737266
484 -1.04274
485 -1.40305
486 -1.82048
487 -2.29732
488 -2.83586
489 -3.43837
490 0.005698
491 -0.148897
492 -0.247697
493 -0.285074
494 -0.255398
495 -0.15304
496 0.0276293
497 0.292239
498 0.646419
499 1.0958
500 1.646
501 2.30267
502 3.07142
503 3.95789
504 4.9677
505 -3.255
506 -3.27378
507 -3.31293
508 -3.37687
509 -3.47
510 -3.59674
511 -3.76149
512 -3.96866
513 -4.22266
514 -4.5279
515 -4.88879
516 -5.30973
517 -5.79514
518 -6.34942
519 -6.97699
520 -0.875
521 -0.648452
522 -0.380648
523 -0.0680102
524 0.293037
525 0.706071
526 1.17467
527 1.7024
528 2.29286
529 2.9496
530 3.67621
531 4.47627
532 5.35335
533 6.31103
534 7.35289
535 2.404
536 2.7076
537 2.90242
538 2.97929
539 2.92907
540 2.7426
541 2.41073
542 1.9243
543 1.27416
544 0.451149
545 -0.55388
546 -1.75008
547 -3.14662
548 -4.75263
549 -6.57728
550 7
551 7.28293
552 8.07785
553 9.42297
554 11.3565
555 13.9168
556 17.1419
557 21.0701
558 25.7396
559 31.1888
560 37.4557
561 44.5786
562 52.5958
563 61.5454
564 71.4657
565 15.83
566 19.2876
567 23.0098
568 26.9836
569 31.1958
570 35.6334
571 40.2833
572 45.1324
573 50.1677
574 55.3761
575 60.7445
576 66.2598
577 71.9091
578 77.6791
579 83.5569
580 102.4
581 110.884
582 119.208
583 127.344
584 135.265
585 142.944
586 150.352
587 157.464
588 164.251
589 170.686
590 176.741
591 182.39
592 187.604
593 192.358
594 196.622
595 243.4
596 252.674
597 261.933
598 271.183
599 280.432
600 289.688
601 298.957
602 308.246
603 317.564
604 326.918
605 336.314
606 345.76
607 355.264
608 364.833
609 374.473
610 374
611 381.296
612 387.603
613 392.859
614 397.005
615 399.98
616 401.724
617 402.175
618 401.275
619 398.962
620 395.176
621 389.856
622 382.943
623 374.375
624 364.093
625 461.3
626 460.649
627 459.166
628 456.856
629 453.727
630 449.783
631 445.032
632 439.478
633 433.128
634 425.989
635 418.066
636 409.365
637 399.892
638 389.654
639 378.656
640 376.9
641 364.789
642 353.642
643 343.571
644 334.688
645 327.106
646 320.938
647 316.297
648 313.294
649 312.043
650 312.656
651 315.246
652 319.925
653 326.806
654 336.001
655 163.8
656 152.857
657 142.136
658 131.598
659 121.204
660 110.915
661 100.691
662 90.4932
663 80.282
664 70.0183
665 59.6628
666 49.1763
667 38.5194
668 27.6529
669 16.5376
670 56.68
671 53.3123
672 50.0113
673 46.7649
674 43.561
675 40.3873
676 37.2316
677 34.0818
678 30.9257
679 27.7511
680 24.5459
681 21.2978
682 17.9947
683 14.6243
684 11.1746
685 23.67
686 22.6188
687 21.5861
688 20.5682
689 19.5611
690 18.5612
691 17.5647
692 16.5678
693 15.5667
694 14.5576
695 13.5369
696 12.5005
697 11.4449
698 10.3662
699 9.2607
700 13.15
701 12.7876
702 12.4323
703 12.0832
704 11.7393
705 11.3997
706 11.0635
707 10.7296
708 10.3972
709 10.0653
710 9.73294
711 9.3992
712 9.06311
713 8.72374
714 8.38013
715 9.234
716 9.08272
717 8.937
718 8.79666
719 8.66156
720 8.53153
721 8.40642
722 8.28607
723 8.17032
724 8.05901
725 7.952
726 7.84911
727 7.75019
728 7.65508
729 7.56364
730 7.578
731 7.52997
732 7.49002
733 7.4583
734 7.43495
735 7.42012
736 7.41396
737 7.41662
738 7.42824
739 7.44898
740 7.47898
741 7.51839
742 7.56737
743 7.62604
744 7.69458
745 7.378
746 7.42463
747 7.46884
748 7.51
749 7.54744
750 7.58053
751 7.60862
752 7.63105
753 7.6472
754 7.6564
755 7.65802
756 7.6514
757 7.6359
758 7.61087
759 7.57567
760 8.515
761 8.60003
762 8.68518
763 8.77056
764 8.85629
765 8.9425
766 9.0293
767 9.1168
768 9.20514
769 9.29441
770 9.38474
771 9.47626
772 9.56907
773 9.6633
774 9.75906
775 9.684
