x	y
475 0.00654
476 4.57285
477 9.07789
478 13.5213
479 17.9025
480 22.2214
481 26.4773
482 30.6699
483 34.7988
484 38.8636
485 42.8639
486 46.7993
487 50.6694
488 54.4737
489 58.2119
490 61.8836
491 65.4883
492 69.0256
493 72.4952
494 75.8967
495 79.2295
496 82.4934
497 85.6879
498 88.8127
499 91.8672
500 94.8511
501 97.764
502 100.606
503 103.375
504 106.073
505 108.698
506 111.249
507 113.728
508 116.132
509 118.463
510 120.718
511 122.899
512 125.004
513 127.033
514 128.986
515 130.862
516 132.662
517 134.383
518 136.027
519 137.593
520 139.079
521 140.487
522 141.815
523 143.063
524 144.231
525 145.318
526 146.324
527 147.249
528 148.091
529 148.851
530 149.528
531 150.123
532 150.633
533 151.06
534 151.402
535 151.659
536 151.831
537 151.918
538 151.918
539 151.833
540 151.66
541 151.4
542 151.052
543 150.617
544 150.093
545 149.48
546 148.778
547 147.986
548 147.104
549 146.131
550 145.068
551 143.913
552 142.667
553 141.329
554 139.898
555 138.374
556 136.757
557 135.046
558 133.241
559 131.342
560 129.347
561 127.257
562 125.072
563 122.79
564 120.412
565 117.936
566 115.364
567 112.693
568 109.925
569 107.057
570 104.091
571 101.026
572 97.8602
573 94.5946
574 91.2283
575 87.761
576 84.1923
577 80.5217
578 76.7489
579 72.8734
580 68.8949
581 64.8129
582 60.6271
583 56.3369
584 51.9421
585 47.4422
586 42.8368
587 38.1255
588 33.308
589 28.3837
590 23.3522
591 18.2133
592 12.9664
593 7.61125
594 2.14732
595 -3.42575
596 -9.10837
597 -14.901
598 -20.8039
599 -26.8176
600 -32.9425
601 -39.1789
602 -45.5274
603 -51.9882
604 -58.5618
605 -65.2486
606 -72.0491
607 -78.9635
608 -85.9924
609 -93.1361
610 -100.395
611 -107.77
612 -115.26
613 -122.867
614 -130.591
615 -138.432
616 -146.391
617 -154.468
618 -162.663
619 -170.977
620 -179.411
621 -187.964
622 -196.638
623 -205.431
624 -214.346
625 461.3
626 461.332
627 461.365
628 461.399
629 461.433
630 461.47
631 461.508
632 461.549
633 461.593
634 461.64
635 461.69
636 461.745
637 461.804
638 461.868
639 461.937
640 462.012
641 462.093
642 462.181
643 462.275
644 462.377
645 462.486
646 462.604
647 462.73
648 462.865
649 463.009
650 463.163
651 463.327
652 463.502
653 463.688
654 463.885
655 464.094
656 464.315
657 464.548
658 464.795
659 465.055
660 465.328
661 465.616
662 465.919
663 466.236
664 466.569
665 466.918
666 467.283
667 467.665
668 468.064
669 468.48
670 468.914
671 469.366
672 469.837
673 470.327
674 470.836
675 471.366
676 471.915
677 472.486
678 473.077
679 473.69
680 474.325
681 474.982
682 475.662
683 476.365
684 477.092
685 477.842
686 478.617
687 479.416
688 480.241
689 481.091
690 481.968
691 482.87
692 483.8
693 484.756
694 485.741
695 486.753
696 487.793
697 488.863
698 489.961
699 491.09
700 492.248
701 493.436
702 494.656
703 495.907
704 497.189
705 498.504
706 499.851
707 501.23
708 502.643
709 504.09
710 505.571
711 507.086
712 508.636
713 510.222
714 511.843
715 513.5
716 515.194
717 516.925
718 518.693
719 520.499
720 522.343
721 524.225
722 526.147
723 528.107
724 530.108
725 532.149
726 534.23
727 536.352
728 538.516
729 540.721
730 542.969
731 545.259
732 547.593
733 549.969
734 552.39
735 554.855
736 557.364
737 559.918
738 562.518
739 565.164
740 567.856
741 570.594
742 573.38
743 576.213
744 579.094
745 582.023
746 585.001
747 588.028
748 591.105
749 594.232
750 597.408
751 600.636
752 603.914
753 607.245
754 610.627
755 614.061
756 617.548
757 621.089
758 624.683
759 628.33
760 632.033
761 635.79
762 639.602
763 643.47
764 647.393
765 651.373
766 655.41
767 659.505
768 663.656
769 667.866
770 672.134
771 676.461
772 680.848
773 685.294
774 689.8
775 9.684
