x	y
475 0.00654
476 -2.2576
477 -4.31399
478 -6.15987
479 -7.79252
480 -9.20921
481 -10.4072
482 -11.3838
483 -12.1361
484 -12.6616
485 -12.9575
486 -13.021
487 -12.8494
488 -12.4399
489 -11.7899
490 -10.8966
491 -9.75722
492 -8.3691
493 -6.72947
494 -4.8356
495 -2.68476
496 -0.27422
497 2.39876
498 5.33691
499 8.54297
500 12.0197
501 15.7697
502 19.7959
503 24.1009
504 28.6875
505 33.5584
506 38.7164
507 44.1641
508 49.9043
509 55.9398
510 62.2733
511 68.9074
512 75.845
513 83.0888
514 90.6415
515 98.5059
516 106.685
517 115.18
518 123.996
519 133.134
520 142.598
521 152.39
522 162.512
523 172.968
524 183.76
525 194.891
526 206.364
527 218.181
528 230.346
529 242.86
530 255.727
531 268.95
532 282.531
533 296.472
534 310.777
535 325.448
536 340.489
537 355.901
538 371.688
539 387.852
540 404.396
541 421.322
542 438.634
543 456.335
544 474.426
545 492.911
546 511.792
547 531.073
548 550.755
549 570.842
550 7
551 12.0798
552 16.8093
553 21.1812
554 25.1882
555 28.823
556 32.0783
557 34.9467
558 37.4209
559 39.4938
560 41.1578
561 42.4058
562 43.2304
563 43.6244
564 43.5804
565 43.091
566 42.1491
567 40.7473
568 38.8782
569 36.5347
570 33.7093
571 30.3948
572 26.5838
573 22.2691
574 17.4434
575 12.0992
576 6.22944
577 -0.173324
578 -7.11637
579 -14.607
580 -22.6525
581 -31.2603
582 -40.4375
583 -50.1916
584 -60.5298
585 -71.4594
586 -82.9877
587 -95.1221
588 -107.87
589 -121.238
590 -135.235
591 -149.866
592 -165.141
593 -181.065
594 -197.646
595 -214.892
596 -232.809
597 -251.406
598 -270.689
599 -290.666
600 -311.344
601 -332.73
602 -354.832
603 -377.657
604 -401.212
605 -425.505
606 -450.543
607 -476.332
608 -502.882
609 -530.198
610 -558.288
611 -587.159
612 -616.82
613 -647.276
614 -678.536
615 -710.606
616 -743.494
617 -777.208
618 -811.754
619 -847.14
620 -883.373
621 -920.46
622 -958.41
623 -997.228
624 -1036.92
625 461.3
626 461.208
627 461.327
628 461.666
629 462.231
630 463.029
631 464.068
632 465.355
633 466.898
634 468.703
635 470.778
636 473.131
637 475.768
638 478.697
639 481.925
640 485.46
641 489.309
642 493.479
643 497.977
644 502.81
645 507.987
646 513.514
647 519.399
648 525.648
649 532.27
650 539.271
651 546.659
652 554.441
653 562.625
654 571.217
655 580.225
656 589.656
657 599.518
658 609.817
659 620.562
660 631.759
661 643.416
662 655.541
663 668.139
664 681.219
665 694.788
666 708.853
667 723.422
668 738.502
669 754.099
670 770.223
671 786.878
672 804.074
673 821.818
674 840.115
675 858.975
676 878.404
677 898.41
678 918.999
679 940.179
680 961.958
681 984.343
682 1007.34
683 1030.96
684 1055.2
685 1080.08
686 1105.61
687 1131.78
688 1158.61
689 1186.1
690 1214.26
691 1243.11
692 1272.64
693 1302.86
694 1333.78
695 1365.41
696 1397.76
697 1430.83
698 1464.62
699 1499.16
700 13.15
701 8.19939
702 3.24606
703 -1.71272
704 -6.67967
705 -11.6575
706 -16.649
707 -21.6568
708 -26.6837
709 -31.7324
710 -36.8056
711 -41.906
712 -47.0365
713 -52.1996
714 -57.3981
715 -62.6348
716 -67.9123
717 -73.2334
718 -78.6009
719 -84.0173
720 -89.4856
721 -95.0083
722 -100.588
723 -106.228
724 -111.931
725 -117.699
726 -123.535
727 -129.442
728 -135.422
729 -141.479
730 -147.614
731 -153.832
732 -160.134
733 -166.523
734 -173.002
735 -179.574
736 -186.241
737 -193.006
738 -199.871
739 -206.841
740 -213.916
741 -221.101
742 -228.397
743 -235.808
744 -243.336
745 -250.984
746 -258.754
747 -266.65
748 -274.674
749 -282.828
750 -291.116
751 -299.54
752 -308.104
753 -316.808
754 -325.658
755 -334.654
756 -343.8
757 -353.099
758 -362.553
759 -372.165
760 -381.938
761 -391.874
762 -401.977
763 -412.248
764 -422.691
765 -433.308
766 -444.103
767 -455.077
768 -466.234
769 -477.576
770 -489.106
771 -500.827
772 -512.741
773 -524.851
774 -537.161
775 9.684
